9|8,75,25,25,56,63,73,64,70,73,80,40,29,75,54,0
9|8,56,28,40,68,52,80,73,76,72,88,63,30,75,60,8
9|5,70,29,10,60,50,76,80,80,83,80,60,20,75,58,0
9|5,66,29,30,52,56,70,80,72,76,86,52,30,75,62,5
9|4,48,24,43,64,68,72,70,72,48,92,60,32,68,56,3
9|4,36,32,50,60,76,84,66,64,60,88,60,20,76,64,10
9|4,36,32,50,56,76,84,66,60,60,88,60,20,76,64,10
9|4,24,84,16,70,80,73,63,76,53,100,27,8,56,24,0
9|20,76,26,20,70,43,63,64,80,96,86,32,8,54,37,0
9|20,70,25,0,70,53,70,64,83,80,76,32,20,70,58,0
9|20,62,29,15,64,56,80,76,80,86,76,48,25,75,54,5
9|16,68,40,50,64,52,68,73,76,72,96,46,25,70,50,0
9|16,66,25,5,63,56,73,64,76,80,80,48,20,75,58,0
9|16,64,40,50,68,52,72,70,72,72,100,53,20,75,50,0
9|16,63,26,24,64,60,76,72,80,80,90,40,30,75,45,5
9|15,70,37,40,64,60,73,72,76,73,86,44,25,75,50,0
9|15,70,33,30,68,56,73,76,80,83,86,40,30,75,50,0
9|15,70,25,20,64,56,63,76,80,86,80,56,30,75,58,5
9|13,73,43,0,63,40,90,23,56,100,70,66,4,58,70,12
9|13,73,30,24,70,46,66,64,66,93,86,32,12,54,33,0
9|13,66,20,4,70,50,63,64,76,93,76,36,12,58,45,0
9|12,66,30,24,68,56,66,64,76,86,86,36,15,54,41,0
9|12,60,43,32,64,56,70,64,72,76,93,32,20,75,45,0
9|12,60,32,36,68,52,80,76,76,76,84,56,30,75,55,4
9|12,52,36,50,68,60,80,66,72,68,92,60,24,64,48,6
9|12,48,36,50,68,60,76,70,76,72,96,53,28,72,52,6
9|10,75,41,40,64,53,73,68,80,83,90,40,20,75,41,0
9|10,70,33,30,60,60,70,80,76,80,86,40,30,75,58,0
9|10,70,25,20,64,56,63,76,80,83,76,48,30,75,62,5
8|8,66,54,25,63,60,83,64,80,86,76,44,16,37,62,0
8|8,54,45,25,60,66,90,64,76,73,73,44,25,41,70,5
8|8,54,45,25,60,66,86,64,80,73,73,36,25,41,66,5
8|8,54,33,20,53,60,86,72,70,80,73,52,20,41,70,5
8|5,58,41,40,56,63,86,76,76,80,80,60,25,41,66,5
8|5,54,54,35,68,63,86,68,76,76,76,56,20,41,66,10
8|5,54,54,35,68,60,86,68,76,76,76,56,20,41,66,10
8|4,54,54,30,56,66,83,64,70,83,80,40,25,37,58,5
8|4,54,50,25,60,63,83,64,76,80,83,48,29,50,70,5
8|4,43,63,36,68,63,83,64,76,73,86,52,20,41,50,5
8|4,43,63,32,68,63,83,64,76,73,86,52,20,37,50,5
8|4,36,60,32,60,66,76,64,80,70,90,52,25,66,54,5
8|4,28,52,50,64,60,76,73,72,64,84,63,30,65,35,20
8|20,73,40,20,66,53,86,64,80,90,80,32,4,29,58,0
8|16,70,58,35,58,54,83,75,70,70,62,60,30,60,76,12
8|15,75,54,40,72,53,83,76,76,90,83,48,10,20,62,5
8|15,70,45,40,64,53,83,80,76,83,76,52,10,25,66,5
8|12,58,50,25,60,66,86,64,76,80,76,44,25,41,62,5
8|0,8,44,33,56,88,84,66,80,36,80,66,40,80,48,23
8|0,26,50,24,60,73,80,64,80,66,80,56,35,62,66,5
8|0,26,46,28,52,73,80,68,76,63,80,56,35,66,70,10
8|0,24,56,50,60,76,76,70,68,48,84,63,28,72,36,16
8|0,16,64,26,56,80,76,70,76,52,80,66,48,80,44,16
8|0,13,53,28,36,86,83,64,68,63,76,68,32,73,53,16
8|0,13,53,24,48,83,80,64,68,60,80,60,36,70,50,8
7|8,50,0,0,29,45,12,17,62,91,100,71,45,33,12,14
7|8,50,0,0,25,50,8,14,58,83,100,71,54,45,16,14
7|50,4,16,40,75,25,100,50,70,87,29,0,56,26,0,0
7|50,0,15,54,76,24,84,53,60,96,24,0,45,25,0,0
7|4,58,0,0,33,50,0,0,75,75,75,57,50,61,50,47
7|4,54,0,0,33,50,0,0,66,75,95,78,50,55,33,38
7|45,0,16,35,68,33,90,44,64,83,20,0,45,25,0,0
7|45,0,0,37,80,20,84,66,72,88,28,0,45,20,0,0
7|4,37,0,0,37,41,0,0,62,70,95,75,62,58,25,20
7|37,12,0,0,62,12,62,65,66,79,70,30,63,30,0,0
7|35,4,8,40,68,33,86,44,60,90,16,0,40,29,0,0
7|35,12,16,45,68,33,90,48,56,86,10,0,35,25,0,0
7|33,8,0,8,56,26,73,60,63,83,36,6,45,16,0,0
7|33,8,0,20,58,25,87,75,66,87,45,10,56,30,0,0
7|33,8,0,10,63,20,80,68,70,80,26,0,50,8,0,0
7|32,0,20,44,72,40,90,36,56,86,10,0,40,29,0,0
7|30,4,20,50,72,30,86,36,52,86,13,0,35,33,0,0
7|30,12,16,45,64,33,90,48,52,86,16,0,30,33,0,0
7|30,0,15,58,80,24,88,50,60,88,24,0,40,40,0,0
7|30,0,10,58,80,24,88,56,52,92,28,0,35,45,0,0
7|29,25,0,0,45,20,37,45,62,79,87,45,66,40,0,0
7|25,4,16,50,60,30,86,36,40,86,26,0,30,37,0,0
7|25,33,0,0,45,41,37,53,62,83,91,50,60,43,3,0
7|25,25,0,0,45,25,45,54,62,79,83,45,60,30,0,0
7|24,3,33,48,60,36,83,28,40,90,10,0,20,37,0,0
7|24,3,30,52,60,30,83,28,36,90,16,0,20,45,0,0
7|24,3,16,44,72,36,86,36,52,86,20,0,35,37,0,0
7|24,0,20,63,68,28,92,33,52,96,20,0,20,45,0,0
7|20,33,0,0,41,29,29,54,62,79,87,50,63,33,3,0
7|20,33,0,0,41,25,16,25,62,79,100,66,60,36,10,0
7|12,33,0,0,29,37,16,35,50,79,100,64,60,46,3,0
7|11,44,0,0,38,44,0,0,72,66,66,47,58,70,62,57
7|11,44,0,0,38,44,0,0,61,77,100,76,54,58,50,46
7|0,62,0,0,16,62,0,0,54,75,83,60,54,54,50,50
7|0,62,0,0,16,62,0,0,54,75,75,60,54,50,50,50
7|0,54,0,0,20,58,0,0,58,75,83,62,50,50,41,37
7|0,54,0,0,12,66,0,0,45,83,87,60,45,45,33,42
7|0,50,0,0,25,50,0,0,62,70,87,67,54,45,37,32
7|0,46,0,0,16,57,0,0,62,82,64,29,33,46,57,37
7|0,45,0,0,29,41,0,3,58,70,95,75,56,43,26,14
7|0,45,0,0,25,58,0,0,58,66,75,57,54,58,50,46
7|0,35,0,0,16,57,0,0,41,67,82,62,56,48,37,20
6|8,70,70,10,56,73,80,64,70,63,66,48,16,33,66,0
6|8,62,75,15,60,73,86,64,73,63,63,44,8,25,66,5
6|8,58,70,15,53,73,90,60,73,60,66,48,25,33,70,5
6|5,66,70,20,60,76,83,76,80,50,66,48,35,20,66,5
6|4,36,64,33,56,80,76,76,80,48,76,66,40,25,65,25
6|4,36,64,23,56,100,76,66,80,52,72,66,44,28,60,16
6|3,63,73,20,56,80,76,64,70,53,73,44,25,20,50,5
6|3,63,73,20,56,76,76,64,70,53,73,44,25,20,50,5
6|16,76,70,12,63,50,80,68,33,66,66,52,0,37,54,5
6|13,70,63,8,63,63,80,68,46,66,66,48,0,41,54,5
6|12,75,70,10,60,66,83,64,70,66,66,48,8,45,58,5
6|0,62,70,20,48,83,80,72,76,60,66,52,45,29,70,5
6|0,54,75,35,40,76,76,80,68,60,70,68,25,20,75,10
6|0,54,75,10,56,80,83,60,80,53,73,48,45,33,70,5
6|0,54,70,20,48,83,83,60,80,56,66,64,40,29,70,5
6|0,53,73,20,48,86,66,68,64,56,80,56,35,33,45,0
6|0,50,70,10,52,80,86,68,80,56,63,60,50,33,70,20
6|0,45,75,15,40,83,76,68,72,60,66,60,45,33,70,20
6|0,44,72,30,56,84,72,73,80,48,72,70,45,20,60,16
6|0,36,68,23,48,92,72,66,80,44,72,63,43,33,46,13
6|0,36,68,23,48,92,72,63,80,44,72,63,43,33,46,13
6|0,36,64,33,52,84,84,73,72,40,76,66,36,24,52,20
6|0,36,64,23,44,96,76,73,80,48,76,70,40,33,46,13
5|8,45,33,45,58,75,54,75,66,45,58,60,46,30,76,24
5|5,41,29,50,65,79,58,80,60,50,66,60,56,26,80,20
5|33,70,37,35,62,66,50,75,66,62,70,50,13,43,66,12
5|29,75,50,45,58,58,41,80,70,50,70,60,0,33,70,15
5|29,75,50,29,58,62,54,66,79,50,66,54,13,23,70,13
5|25,75,50,33,54,58,54,79,70,50,66,58,13,26,73,10
5|25,75,37,40,62,70,54,75,70,62,66,55,13,43,73,8
5|25,70,50,29,41,58,62,66,66,50,58,62,16,30,80,20
5|25,70,45,45,58,62,54,80,70,58,66,55,13,33,73,12
5|25,70,45,45,58,62,54,80,70,54,66,55,13,33,73,12
5|20,75,41,41,54,58,54,79,70,50,70,54,16,30,73,10
5|20,62,33,16,60,63,53,73,56,60,66,43,0,16,58,4
5|20,58,37,35,66,75,50,65,70,58,62,55,33,43,76,8
5|16,62,50,41,54,62,58,70,62,50,66,58,20,23,73,10
5|12,66,41,3,46,66,63,60,56,53,70,51,0,20,70,3
5|12,54,45,37,45,75,50,75,54,50,70,62,36,23,76,20
5|0,33,20,25,63,83,50,64,63,50,76,48,37,25,66,0
5|0,30,30,24,60,86,46,64,68,50,93,48,44,13,23,0
5|0,29,33,25,56,90,53,68,66,50,76,48,41,20,66,5
5|0,20,29,30,56,86,56,64,80,53,73,56,55,16,70,0
5|0,20,24,50,68,88,52,70,76,40,92,66,40,8,32,6
5|0,20,16,53,68,96,52,70,72,40,88,73,36,16,36,6
5|0,16,30,20,60,93,56,64,68,50,83,48,48,23,46,4
5|0,16,26,32,52,90,53,72,60,53,83,64,44,16,46,8
5|0,16,16,53,48,92,56,66,68,32,88,70,36,28,32,10
5|0,12,16,43,56,96,44,73,76,40,84,66,52,20,48,10
5|0,12,12,43,56,96,44,73,76,36,84,66,48,20,48,10
4|5,29,70,50,65,91,50,50,30,91,100,45,0,12,66,35
4|4,29,66,50,66,79,58,40,37,95,100,20,0,25,75,30
4|20,62,70,55,66,83,58,35,8,75,95,20,0,20,62,15
4|20,50,62,45,66,91,54,50,8,75,100,12,0,25,75,25
4|20,50,54,37,70,87,54,50,8,83,100,4,0,30,70,10
4|16,41,62,40,75,79,70,35,25,91,95,10,0,30,60,12
4|12,54,75,55,66,87,62,45,12,75,100,25,0,25,62,20
4|12,54,75,55,66,83,62,45,12,75,100,20,0,20,62,15
4|12,41,70,50,70,83,66,35,25,87,100,20,0,25,70,25
4|12,41,70,50,70,83,62,35,25,87,100,20,0,25,70,25
4|0,8,62,45,30,75,58,40,60,100,100,50,0,13,73,40
4|0,8,58,0,0,60,76,0,60,83,93,64,45,54,50,0
4|0,8,52,0,0,60,84,13,40,84,92,76,63,56,40,13
4|0,8,48,0,0,72,92,13,48,76,96,63,63,56,46,5
4|0,8,48,0,0,72,88,13,48,72,96,63,63,56,43,5
4|0,5,55,29,8,52,76,30,76,92,92,80,30,35,55,16
4|0,4,70,0,0,56,83,4,44,86,96,80,40,45,62,0
4|0,4,62,30,16,66,75,30,62,95,91,40,23,33,73,40
4|0,4,58,30,20,62,75,35,65,100,91,45,20,43,73,40
4|0,4,58,20,4,56,76,16,64,96,93,76,25,29,54,5
4|0,4,54,0,4,56,80,0,52,83,93,64,60,58,62,10
4|0,20,58,50,60,83,66,40,50,95,100,25,0,16,70,28
4|0,20,56,0,4,66,76,28,44,86,100,44,50,50,33,0
4|0,16,64,0,0,64,80,30,56,88,96,66,60,48,28,10
4|0,16,54,50,54,79,62,40,41,100,100,20,0,13,70,28
4|0,16,44,0,0,68,80,10,44,76,96,63,60,53,46,8
4|0,12,76,0,0,72,80,23,64,88,96,66,60,45,40,8
4|0,12,66,45,35,75,58,40,65,100,100,55,0,6,60,36
4|0,12,60,0,0,64,76,30,40,84,92,66,52,56,40,10
4|0,12,58,35,45,79,70,40,65,100,95,40,0,23,66,28
4|0,12,54,45,50,91,62,40,58,100,95,20,0,26,73,28
4|0,10,63,0,4,56,83,8,60,93,96,68,35,37,33,0
4|0,10,63,0,4,53,86,8,52,90,93,72,35,45,45,0
4|0,0,75,8,4,60,84,6,60,84,92,73,60,55,65,12
4|0,0,70,0,4,56,83,0,48,86,96,72,50,41,58,5
4|0,0,66,0,0,60,86,0,48,80,93,80,55,45,66,5
4|0,0,62,10,10,70,76,12,66,90,96,56,12,12,54,15
4|0,0,62,10,10,63,80,12,56,90,93,64,20,20,58,20
4|0,0,60,12,0,64,80,16,60,92,88,83,60,55,65,20
4|0,0,60,12,0,64,80,16,60,92,88,83,60,55,60,20
4|0,0,58,10,3,66,93,12,56,83,96,64,41,41,62,20
4|0,0,54,35,20,66,66,28,72,100,96,64,0,8,54,15
4|0,0,54,15,0,53,86,12,48,83,90,68,45,45,66,20
3|8,41,20,10,60,36,26,68,80,90,80,52,16,37,58,5
3|8,29,29,25,56,40,23,72,70,83,80,48,20,45,66,0
3|5,45,25,25,60,33,20,75,80,70,70,60,40,60,73,20
3|5,16,37,30,60,43,33,64,80,80,93,48,35,50,54,0
3|4,25,33,20,53,30,33,64,76,73,76,44,41,62,62,5
3|4,20,37,20,46,36,33,64,70,76,86,48,33,50,66,0
3|16,37,37,30,58,37,29,75,70,79,70,55,36,60,73,8
3|15,33,29,35,60,33,20,80,80,75,66,60,48,60,76,16
3|12,58,4,5,63,30,33,64,80,96,73,48,0,45,58,5
3|12,58,4,10,63,33,26,68,76,93,76,52,8,33,58,5
3|12,50,16,15,66,33,36,64,76,96,76,40,8,29,58,0
3|12,45,25,30,54,37,29,70,75,75,66,50,36,56,73,12
3|12,45,20,15,63,26,26,68,80,93,80,40,16,37,54,5
3|12,45,20,15,63,26,26,68,80,90,80,40,16,37,54,5
3|12,45,20,15,63,26,23,68,80,90,80,40,16,33,50,5
3|12,45,20,15,60,30,26,68,80,90,83,48,16,37,54,5
3|12,37,37,30,62,33,33,75,79,79,70,50,40,56,70,8
3|12,33,33,15,56,33,36,64,76,83,83,40,33,45,54,5
3|12,25,25,25,60,33,40,68,83,86,76,32,16,25,58,0
3|12,20,37,25,62,37,41,70,79,70,70,50,50,63,73,8
3|10,41,25,35,55,41,25,75,80,75,70,65,44,66,76,20
3|10,33,29,35,60,33,20,80,80,75,66,60,48,60,76,16
3|10,29,37,30,65,33,37,80,80,62,62,55,60,70,76,12
3|0,6,53,20,52,36,23,64,72,66,90,52,45,62,45,5
3|0,6,43,28,48,43,26,68,64,73,96,52,35,58,45,0
3|0,3,43,24,36,33,26,64,68,66,90,48,40,70,53,4
3|0,16,45,25,56,36,30,64,80,70,86,48,40,58,62,5
3|0,12,25,35,56,40,30,76,76,70,83,64,40,58,75,10
3|0,0,52,26,52,12,16,63,80,52,84,66,40,70,40,11
3|0,0,48,30,56,24,12,70,76,60,92,63,48,72,40,13
3|0,0,44,26,48,16,24,66,80,52,84,60,43,73,43,11
3|0,0,40,26,44,16,20,70,80,56,84,63,40,73,46,13
3|0,0,36,33,36,32,12,73,68,44,80,73,30,76,46,16
3|0,0,28,33,56,40,16,70,80,64,88,73,40,68,48,16
3|0,0,28,33,52,40,12,70,72,44,88,70,40,76,52,20
2|8,54,4,39,53,46,60,57,70,76,66,45,25,41,25,21
2|4,58,4,50,56,40,70,62,66,83,63,42,16,37,16,21
2|4,45,8,45,50,46,63,63,70,76,63,50,25,54,25,25
2|4,45,12,50,56,43,76,56,73,80,63,40,25,41,29,25
2|4,45,12,45,63,43,80,56,76,80,73,33,25,50,20,25
2|4,37,8,41,60,40,76,66,66,70,63,46,25,50,25,16
2|4,33,4,41,46,50,56,70,70,66,70,56,29,62,25,29
2|4,29,12,50,56,46,76,64,66,66,66,56,37,62,20,35
2|3,26,16,56,56,40,86,60,70,66,60,56,33,62,12,20
2|25,41,4,42,70,33,79,71,62,100,66,39,6,20,50,11
2|20,50,25,55,73,33,86,60,83,80,60,32,20,29,33,10
2|16,62,8,45,63,26,73,66,70,96,60,43,8,25,33,12
2|16,62,12,41,66,30,83,60,83,86,60,33,16,25,37,12
2|16,58,8,41,70,37,75,62,83,58,83,41,33,66,36,23
2|13,70,6,31,60,33,76,65,63,93,56,37,0,8,37,10
2|13,53,3,42,60,36,83,60,73,96,70,37,8,16,37,17
2|13,40,20,48,66,30,90,56,83,83,60,36,29,37,20,20
2|12,62,4,37,66,26,80,66,76,90,66,40,12,16,37,12
2|12,54,4,41,60,43,73,63,73,90,66,43,25,33,37,12
2|12,45,8,41,63,40,80,60,73,76,66,43,16,54,25,25
2|10,30,20,48,66,36,93,60,80,76,63,40,29,45,20,20
2|10,30,20,48,63,36,90,56,80,76,60,40,29,45,20,20
2|10,23,23,44,63,33,83,56,76,76,60,44,41,58,20,20
2|10,23,23,44,60,33,83,56,76,76,60,44,41,58,20,20
2|0,3,30,48,40,47,72,66,63,72,55,63,12,60,6,0
2|0,20,16,56,60,53,73,64,76,60,60,60,36,70,13,24
2|0,12,8,46,56,60,64,76,80,36,76,66,43,76,23,16
2|0,10,20,44,36,63,70,72,64,50,63,80,26,66,13,20
2|0,0,55,3,33,36,88,46,63,55,50,56,20,80,16,0
2|0,0,43,20,43,41,83,50,76,58,52,60,28,66,6,0
2|0,0,16,53,50,50,70,69,80,53,70,58,24,64,8,0
Z|8,40,5,20,38,64,90,58,69,64,57,22,0,0,40,0
Z|8,3,23,52,63,30,88,80,70,88,27,73,56,26,0,24
Z|5,45,8,25,34,68,91,65,65,80,51,31,11,0,45,2
Z|5,45,8,25,28,68,91,65,62,88,51,31,11,2,42,4
Z|5,45,8,25,28,68,91,65,62,85,51,31,11,2,42,4
Z|43,6,40,56,70,50,96,60,83,90,43,48,62,16,25,30
Z|36,16,23,60,66,43,100,60,83,90,46,43,33,13,26,26
Z|36,16,23,60,66,43,100,60,83,90,43,43,33,13,26,26
Z|36,10,36,63,56,60,93,63,73,83,26,50,62,12,25,25
Z|33,3,40,60,66,46,96,64,73,93,33,52,60,13,23,24
Z|33,3,40,60,66,46,96,64,73,90,33,52,60,13,23,24
Z|33,13,20,50,53,46,96,66,70,93,36,50,53,10,23,30
Z|33,10,40,64,66,46,96,64,80,83,36,48,46,6,26,20
Z|30,3,40,60,63,40,96,64,73,93,36,56,66,16,13,24
Z|30,26,26,57,60,56,100,57,70,83,30,45,33,3,23,14
Z|30,20,33,66,56,63,96,66,70,83,30,50,41,4,12,25
Z|30,13,20,56,53,40,93,60,73,96,43,56,56,16,30,26
Z|30,10,40,56,60,53,96,60,70,90,33,46,54,12,12,33
Z|26,33,33,62,50,53,96,68,66,83,23,48,33,8,12,25
Z|26,33,23,65,50,56,100,65,60,90,30,48,45,12,12,32
Z|26,26,33,66,46,73,86,73,66,83,23,63,41,4,20,25
Z|23,33,13,51,50,60,96,68,73,86,36,48,33,3,26,25
Z|23,23,30,66,53,53,96,70,66,90,30,53,50,8,12,33
Z|23,23,30,60,56,46,96,70,76,83,40,50,45,20,25,25
Z|23,23,16,57,50,43,93,65,60,93,40,48,40,13,10,34
Z|2,0,50,26,66,36,91,50,66,88,27,60,47,22,2,6
Z|2,0,50,26,66,36,91,50,66,86,25,60,47,22,2,6
Z|20,23,13,57,43,46,90,65,56,93,36,57,50,20,10,34
Z|20,22,45,56,50,77,97,50,73,65,42,20,16,0,39,0
Z|20,13,26,46,60,36,96,63,70,90,40,50,63,20,20,26
Z|19,0,55,43,69,47,83,60,66,77,22,63,36,13,0,4
Z|17,37,11,31,42,60,91,62,65,91,62,34,28,7,47,7
Z|17,31,22,40,51,77,100,53,71,57,54,20,0,0,45,0
Z|16,40,28,53,40,60,100,60,60,85,48,33,26,2,31,13
Z|16,34,22,46,43,54,100,56,63,82,48,26,26,5,37,3
Z|16,28,25,43,46,57,94,53,66,85,51,33,33,11,40,6
Z|16,0,55,46,80,44,86,60,80,88,22,66,44,13,0,4
Z|14,37,8,26,40,57,94,60,71,85,62,23,16,2,45,2
Z|13,40,16,57,36,66,86,80,50,96,30,57,40,10,6,37
Z|13,40,16,57,36,63,86,77,50,96,30,57,40,10,6,37
Z|12,3,23,52,66,36,94,76,73,88,30,70,60,20,6,24
Z|12,3,23,52,63,33,91,80,70,88,27,73,56,26,0,24
Z|11,40,11,26,37,51,94,66,60,85,62,30,21,2,45,5
Z|11,37,8,26,37,54,91,63,65,91,62,26,28,2,47,2
Z|10,34,17,43,30,68,97,70,56,85,48,40,33,11,34,16
Z|10,0,23,52,55,44,94,73,63,88,30,60,50,13,10,24
Z|10,0,23,52,55,44,94,73,63,88,27,60,50,13,10,24
Z|0,57,0,2,33,73,85,72,42,45,47,27,0,0,45,0
Z|0,42,0,0,30,64,76,69,61,69,57,30,0,0,48,2
Z|0,0,58,27,55,27,94,44,52,91,25,63,28,47,0,4
Z|0,0,55,33,61,33,94,43,58,88,25,70,41,44,0,0
Z|0,0,55,33,50,27,94,53,58,88,22,80,38,52,0,6
Z|0,0,52,40,76,33,88,63,73,88,25,70,48,40,0,0
Y|60,70,63,56,24,76,86,44,12,93,13,0,24,30,0,0
Y|60,70,53,56,24,70,86,44,8,96,16,0,20,40,0,0
Y|60,53,43,48,44,80,96,48,8,86,26,0,16,44,0,0
Y|60,53,43,36,33,86,90,56,16,96,10,0,33,23,0,0
Y|56,53,50,40,30,86,93,40,26,93,6,0,30,23,0,0
Y|56,53,46,56,36,83,93,48,4,86,26,0,10,50,0,0
Y|53,53,53,36,46,90,90,36,13,90,13,0,26,40,0,0
Y|53,53,36,28,33,90,96,56,16,90,16,0,27,30,0,0
Y|53,53,36,28,33,90,96,56,16,90,16,0,27,27,0,0
Y|53,40,13,20,43,86,100,64,23,90,33,0,43,26,0,0
Y|52,50,16,20,32,90,100,80,36,90,30,0,48,20,0,0
Y|50,40,36,36,41,86,86,40,22,83,5,0,23,16,0,0
Y|48,50,46,48,40,86,88,33,20,88,11,0,16,30,0,0
Y|48,36,46,44,46,83,91,36,10,83,19,0,0,43,0,0
Y|46,53,46,60,40,86,96,40,0,83,30,0,5,58,0,0
Y|46,36,50,40,53,90,90,40,3,86,20,0,11,50,0,0
Y|3,63,6,0,6,83,70,25,26,83,93,65,46,26,0,0
Y|3,63,3,0,6,90,70,22,26,76,96,68,56,36,3,0
Y|3,60,6,0,6,83,73,37,26,83,83,57,56,30,0,0
Y|33,40,0,0,33,93,76,52,30,96,66,44,55,25,0,0
Y|30,46,0,0,26,93,70,48,36,86,66,52,63,20,0,0
Y|30,43,0,0,23,93,66,48,26,83,76,56,53,23,0,0
Y|26,33,0,0,30,93,63,36,23,86,83,50,61,25,0,0
Y|26,26,0,0,30,96,63,36,20,83,90,50,52,38,0,0
Y|16,43,0,0,20,93,63,36,33,83,83,53,53,30,0,0
Y|0,70,25,0,0,58,79,8,45,91,100,83,54,37,25,33
Y|0,60,6,0,0,83,70,8,26,76,100,80,46,33,6,5
Y|0,58,20,0,0,66,75,0,41,79,100,71,58,62,41,50
Y|0,53,3,0,0,90,63,8,16,66,100,82,50,41,16,9
Y|0,53,3,0,0,86,63,8,23,70,100,82,50,43,16,8
Y|0,53,3,0,0,76,63,0,33,80,100,71,58,45,20,39
Y|0,53,0,0,6,93,50,0,40,76,100,70,54,54,25,41
Y|0,50,8,0,0,83,58,0,25,66,100,50,60,70,53,57
Y|0,50,3,0,0,80,60,0,36,80,100,73,54,37,25,33
Y|0,50,28,0,0,50,71,4,50,85,100,66,45,46,32,37
Y|0,50,0,0,0,73,66,0,33,76,100,65,58,50,29,32
Y|0,46,6,0,0,86,50,0,36,80,100,62,54,54,33,42
Y|0,46,6,0,0,86,50,0,36,76,100,62,54,54,33,42
Y|0,46,6,0,0,66,70,0,33,70,100,68,45,50,20,32
Y|0,46,6,0,0,66,66,0,30,73,100,60,58,50,37,42
Y|0,45,8,0,0,57,62,0,26,80,100,63,41,39,21,33
Y|0,45,8,0,0,57,60,0,26,80,100,63,41,39,21,33
Y|0,43,3,0,0,76,66,0,30,66,100,68,54,58,25,32
Y|0,43,10,0,0,66,66,0,33,70,100,60,58,50,33,50
Y|0,42,2,0,0,74,34,0,40,85,91,36,31,37,37,30
Y|0,42,2,0,0,71,48,0,26,74,94,46,45,50,35,41
Y|0,42,2,0,0,68,48,0,26,74,94,46,45,50,35,41
Y|0,42,0,0,6,91,31,0,13,68,100,70,55,47,19,11
Y|0,40,0,0,0,68,51,0,16,71,100,66,46,45,22,20
Y|0,40,0,0,0,65,51,0,16,68,100,63,46,45,17,20
Y|0,37,4,0,0,83,50,0,33,73,100,57,58,62,41,50
Y|0,37,4,0,0,83,43,0,36,66,96,45,62,66,54,57
Y|0,31,5,0,0,60,45,0,34,80,94,36,31,37,37,40
X|8,40,2,20,14,95,83,47,66,64,85,2,0,0,40,0
X|8,40,2,13,14,95,83,47,61,64,85,2,0,0,40,0
X|8,37,2,13,11,92,80,47,66,66,85,2,5,0,40,0
X|8,34,0,3,14,92,73,58,73,69,83,0,2,0,48,0
X|8,34,0,13,11,92,78,50,54,71,85,8,8,0,42,6
X|5,57,22,20,11,95,83,47,57,57,88,4,14,5,40,0
X|5,40,0,13,9,92,78,55,52,73,88,11,20,0,42,10
X|4,54,0,16,19,95,85,47,50,50,88,4,0,0,34,0
X|36,20,13,46,33,96,83,43,56,90,93,26,43,3,36,26
X|33,23,10,46,36,93,90,46,46,90,96,26,53,6,36,30
X|26,26,3,45,30,100,86,42,40,90,96,28,50,10,26,31
X|2,60,0,7,11,90,78,60,50,59,85,8,0,0,42,0
X|23,33,3,40,23,93,90,54,46,90,96,22,50,6,33,31
X|23,3,10,50,46,86,90,46,33,96,93,26,55,16,36,33
X|23,0,10,52,52,83,80,43,41,86,94,40,53,0,13,28
X|20,3,10,53,56,86,83,36,26,93,96,30,55,19,25,33
X|20,10,3,50,50,90,90,43,40,93,93,26,56,13,36,33
X|20,0,36,50,70,91,94,20,43,77,63,66,40,10,0,8
X|19,0,25,50,58,91,91,20,52,75,80,46,43,0,3,20
X|19,0,25,50,58,91,91,20,50,75,80,46,43,0,3,20
X|17,45,5,33,11,94,91,46,60,88,82,6,21,0,57,0
X|17,45,5,33,11,94,91,46,60,85,80,6,21,0,57,0
X|16,40,14,50,16,97,91,33,53,88,94,10,33,0,40,13
X|16,40,14,50,16,97,91,33,50,88,94,10,33,0,40,13
X|16,40,14,50,16,94,91,33,50,88,94,10,33,0,40,10
X|16,40,11,50,16,94,91,33,43,91,94,10,30,2,35,13
X|16,23,3,40,36,93,86,45,40,90,96,22,53,13,33,31
X|16,23,3,40,33,93,86,45,40,90,96,22,50,13,33,31
X|16,0,33,53,66,91,94,23,33,86,63,66,43,11,0,0
X|16,0,30,53,66,91,94,23,26,86,63,66,43,11,0,0
X|16,0,22,50,55,86,91,20,38,80,80,53,40,3,3,20
X|16,0,10,48,50,80,77,46,38,86,94,46,50,6,6,32
X|14,40,5,36,14,91,91,50,57,88,82,3,21,0,57,2
X|14,40,2,20,19,90,80,44,64,61,83,5,0,0,37,0
X|13,51,11,43,13,94,88,43,53,85,91,16,26,0,42,10
X|13,48,11,53,6,94,91,36,53,80,94,13,20,2,42,10
X|13,26,3,51,26,96,86,54,43,90,96,28,46,16,36,34
X|13,2,19,56,66,80,88,30,30,83,75,70,46,13,0,16
X|13,0,16,48,66,75,80,30,44,86,94,36,53,0,13,16
X|12,0,0,46,80,76,80,52,36,93,86,72,68,16,0,26
X|10,34,0,26,16,94,80,53,46,91,85,6,36,7,54,11
X|10,31,5,43,16,94,85,43,46,91,88,10,30,7,50,11
X|0,77,5,25,22,91,100,57,48,45,91,0,0,0,51,0
X|0,61,0,0,11,83,76,68,45,52,90,2,0,0,48,0
X|0,54,0,0,11,88,78,66,52,52,90,6,0,0,45,2
X|0,54,0,0,11,88,78,62,52,52,90,6,0,0,45,2
X|0,51,0,0,14,90,71,54,57,66,88,6,0,0,48,2
X|0,0,41,33,75,75,86,3,25,86,77,66,47,16,0,0
X|0,0,41,27,75,61,88,2,30,94,77,69,35,23,0,2
X|0,0,33,30,61,57,80,5,42,80,69,54,41,8,0,0
X|0,0,30,30,61,54,83,14,38,85,69,60,38,11,0,0
X|0,0,30,25,61,54,83,11,28,88,69,59,36,19,0,0
X|0,0,30,25,61,54,80,11,28,88,69,57,36,13,0,0
W|9,73,52,26,14,61,78,65,26,71,90,44,54,59,38,12
W|65,80,78,54,31,76,73,37,28,69,97,54,50,63,13,0
W|65,78,76,45,31,73,76,28,31,71,97,57,48,47,14,0
W|62,76,73,48,31,66,73,28,28,73,95,65,45,61,19,0
W|62,76,73,45,28,76,71,34,37,71,97,57,51,57,14,0
W|62,76,71,48,28,76,73,37,31,69,100,68,31,66,26,0
W|62,76,71,45,34,76,73,31,34,64,100,65,40,66,16,0
W|57,76,69,48,31,66,73,37,31,73,97,60,57,54,19,0
W|54,76,78,45,30,71,69,28,28,71,100,51,38,61,19,0
W|54,73,78,37,28,76,73,28,30,69,95,60,25,60,16,0
W|54,73,66,51,28,71,80,40,28,71,95,71,51,59,23,0
W|54,71,71,51,20,71,78,37,31,71,95,71,37,58,20,0
W|47,69,76,33,26,73,78,28,30,71,97,59,18,66,22,0
W|2,71,38,7,16,59,89,61,20,77,75,9,54,61,47,8
W|2,71,38,7,11,63,91,64,21,73,75,16,59,63,44,7
W|2,71,38,7,10,63,87,64,20,73,75,16,59,66,50,8
W|19,73,47,24,16,64,85,61,26,73,88,38,66,61,45,12
W|11,73,59,26,19,59,80,59,28,73,90,36,63,61,38,14
W|0,7,55,1,0,51,76,46,33,66,80,39,14,48,71,1
W|0,7,55,1,0,51,76,46,33,64,80,39,14,48,71,1
W|0,67,32,2,16,63,95,64,28,83,71,9,64,69,61,0
W|0,65,34,2,8,55,91,67,18,75,65,14,55,59,51,6
W|0,64,42,2,6,51,89,67,18,73,75,21,52,76,64,12
W|0,61,28,2,8,48,97,69,18,69,77,23,55,67,59,7
W|0,59,28,0,10,55,93,65,20,77,73,22,69,80,76,9
W|0,5,55,0,0,60,75,46,46,69,75,50,12,50,69,0
W|0,53,42,4,8,59,87,69,22,73,75,24,57,66,64,9
W|0,53,36,1,4,53,89,67,18,77,77,23,54,71,69,12
W|0,46,44,0,6,55,91,67,24,73,75,21,54,66,69,8
W|0,39,35,0,6,55,91,59,24,71,73,16,47,62,66,0
W|0,39,35,0,6,55,91,59,24,69,73,16,47,62,66,0
W|0,37,50,2,0,47,91,59,4,79,66,26,57,75,82,8
W|0,37,31,0,0,51,85,53,16,73,75,22,54,75,77,0
W|0,35,41,0,4,58,87,46,30,76,71,24,40,64,68,0
W|0,33,37,0,5,57,92,48,35,73,67,22,35,60,64,0
W|0,33,37,0,5,57,92,48,35,73,67,20,35,60,64,0
W|0,33,33,0,0,53,91,55,21,71,75,26,43,68,72,0
W|0,32,33,0,0,53,89,55,24,71,75,26,42,68,72,0
W|0,30,61,8,2,40,83,70,4,73,80,37,48,71,83,21
W|0,28,73,14,4,54,83,79,11,61,78,29,47,78,83,20
W|0,27,52,0,3,55,87,51,25,75,75,34,33,64,72,2
W|0,22,43,0,0,48,89,51,16,73,75,36,42,79,75,4
W|0,12,66,3,0,70,83,57,35,70,64,29,30,48,69,3
W|0,12,55,0,1,67,87,53,46,67,78,42,14,58,68,0
W|0,0,60,3,0,64,76,46,57,75,75,53,0,32,57,0
W|0,0,60,3,0,64,76,46,57,75,73,53,0,32,57,0
V|64,80,80,56,24,43,83,56,8,80,60,0,16,56,0,0
V|64,63,43,16,32,56,93,68,16,76,76,20,50,30,0,0
V|60,80,76,36,23,46,90,64,16,86,53,0,33,30,0,0
V|56,80,76,36,33,43,100,56,16,90,53,0,36,36,0,0
V|56,73,76,48,36,43,96,68,8,76,53,0,32,46,0,0
V|56,73,76,48,36,43,96,60,8,76,53,0,32,46,0,0
V|56,73,76,48,36,43,96,60,8,73,53,0,28,46,0,0
V|56,66,50,16,30,53,93,64,26,86,66,8,50,33,0,0
V|53,70,80,48,36,46,93,48,6,76,56,0,16,52,0,0
V|53,66,56,28,30,53,96,64,16,76,70,8,43,40,0,0
V|52,63,80,52,44,50,90,48,4,73,60,4,13,58,0,0
V|50,73,73,36,36,43,90,60,13,83,56,0,30,41,0,0
V|50,70,63,36,40,50,90,60,10,76,63,0,33,38,0,0
V|46,63,23,0,30,63,90,64,33,80,83,28,50,27,2,0
V|46,56,30,4,23,66,93,60,23,73,86,32,60,40,3,0
V|40,63,30,0,30,60,90,68,33,76,86,36,56,36,0,0
V|3,73,23,0,3,53,96,57,26,63,90,62,46,40,20,0
V|3,70,16,0,3,56,96,45,26,56,83,68,50,50,30,5
V|3,66,20,0,6,66,96,57,23,56,83,62,56,46,23,0
V|3,66,13,0,6,66,96,42,23,53,83,68,56,60,33,5
V|3,56,10,0,3,66,93,22,36,46,86,77,58,70,54,25
V|30,70,30,0,26,53,93,60,20,70,90,30,53,40,3,0
V|23,70,33,3,10,53,93,76,26,70,93,43,53,36,6,0
V|23,56,16,0,20,60,90,60,26,70,90,46,53,43,10,0
V|16,53,10,0,16,70,96,53,16,60,86,60,56,50,20,0
V|0,66,13,0,0,60,90,34,33,60,86,71,62,62,41,14
V|0,60,11,0,0,51,88,16,36,62,88,63,50,57,46,16
V|0,56,13,0,0,50,96,17,33,53,80,77,54,62,54,39
V|0,56,10,0,0,70,93,31,23,46,73,82,56,60,46,20
V|0,54,17,0,0,37,85,16,36,68,85,73,37,50,57,25
V|0,53,21,0,0,46,89,4,29,39,82,66,56,80,80,40
V|0,53,13,0,0,60,93,22,33,60,83,82,58,75,50,32
V|0,53,10,0,0,63,90,14,36,53,76,77,62,75,75,39
V|0,53,10,0,0,46,93,17,36,56,76,80,54,66,66,42
V|0,50,10,0,0,66,86,14,26,40,76,77,62,75,75,46
V|0,48,11,0,0,45,91,10,23,54,82,73,50,64,60,33
V|0,46,16,0,0,50,90,17,40,53,73,77,54,66,75,46
V|0,46,16,0,0,40,96,17,30,53,70,80,54,62,70,53
V|0,46,10,0,0,73,86,22,16,40,76,82,56,70,60,28
V|0,37,11,0,0,42,80,3,40,57,82,60,28,54,68,40
V|0,34,11,0,0,45,77,0,31,48,85,60,34,60,74,43
U|6,76,60,20,6,43,66,77,26,33,23,62,52,72,77,21
U|6,76,60,20,6,43,66,77,26,33,23,62,52,72,77,19
U|6,73,63,23,6,56,66,80,20,30,30,70,52,77,77,19
U|6,73,63,23,6,56,66,80,20,26,26,66,52,75,75,19
U|6,66,50,17,5,52,66,69,38,52,41,57,36,60,66,11
U|40,69,80,36,43,38,36,66,30,61,83,30,52,53,23,0
U|3,76,66,25,6,50,66,77,33,36,26,57,41,75,77,16
U|36,66,80,36,46,41,33,66,23,58,83,33,48,60,26,0
U|3,66,60,22,6,60,70,77,16,23,23,60,55,83,83,21
U|33,63,83,40,43,47,27,76,13,50,83,50,32,70,30,0
U|33,56,70,38,50,46,36,69,33,53,73,66,56,60,44,3
U|33,50,70,38,50,50,43,75,23,50,63,66,53,60,40,8
U|30,63,80,50,56,43,30,72,16,46,73,58,43,53,30,2
U|30,63,66,24,36,55,58,63,27,47,72,40,56,66,43,0
U|26,73,80,26,20,46,56,76,23,30,50,60,61,75,63,13
U|26,70,73,40,30,56,56,80,16,30,43,68,63,80,69,10
U|26,70,63,23,23,50,66,73,26,30,33,56,58,80,75,11
U|23,63,70,28,38,52,55,70,27,47,69,43,56,66,46,0
U|23,50,69,26,60,58,47,73,10,38,72,56,43,69,38,0
U|20,80,73,33,16,46,53,76,23,40,36,60,50,72,66,13
U|20,60,66,28,30,52,52,73,25,50,61,56,50,70,50,4
U|20,58,83,33,60,55,33,73,3,47,86,56,22,61,30,0
U|20,50,63,32,36,63,52,80,20,41,61,70,56,76,60,4
U|16,58,83,33,60,52,33,73,3,41,86,56,22,61,30,0
U|16,58,83,30,60,52,33,73,3,41,86,56,22,61,30,0
U|13,47,69,23,61,63,47,60,2,36,75,50,23,66,35,0
U|10,80,66,28,10,46,60,80,23,36,30,54,47,75,72,21
U|0,71,57,13,0,45,65,70,20,31,37,53,50,73,71,11
U|0,70,63,20,0,46,70,85,30,33,20,68,38,75,80,26
U|0,68,62,13,0,48,74,73,40,40,34,56,36,76,76,8
U|0,68,45,6,0,30,76,66,63,69,47,50,10,57,54,0
U|0,68,37,6,0,40,76,63,61,59,40,50,20,62,65,0
U|0,65,54,10,0,38,64,66,57,66,57,33,14,48,51,0
U|0,65,48,0,0,28,91,60,65,45,28,60,26,71,76,11
U|0,65,45,10,0,45,71,72,44,59,42,50,26,57,62,3
U|0,62,54,10,0,45,82,76,20,31,25,63,50,73,80,16
U|0,62,45,10,0,45,82,76,30,31,14,63,47,73,83,11
U|0,60,42,6,0,38,76,69,63,61,45,55,16,54,65,3
U|0,60,40,3,0,50,88,61,54,61,38,58,25,68,71,3
U|0,60,40,3,0,33,73,72,58,61,40,50,10,54,65,3
U|0,60,37,3,0,45,76,72,38,54,45,52,30,65,65,6
U|0,60,28,0,0,47,85,58,45,50,47,50,31,68,65,6
U|0,51,42,3,0,28,76,72,61,69,38,63,5,54,68,3
U|0,51,40,0,0,33,78,72,66,61,35,63,13,57,77,6
U|0,51,37,0,0,47,80,72,36,47,45,58,36,68,74,6
U|0,51,37,0,0,47,78,72,36,47,45,58,33,68,74,6
U|0,51,25,0,0,54,88,58,35,45,38,52,37,68,68,6
U|0,42,50,2,14,11,73,61,54,83,40,57,0,45,62,5
U|0,37,51,2,7,16,78,66,59,78,26,71,0,45,77,11
U|0,37,45,0,9,21,83,52,64,71,30,59,0,51,74,11
U|0,35,38,0,11,16,83,52,61,73,33,64,0,57,74,8
T|64,16,53,52,72,93,80,28,48,63,0,0,16,43,0,0
T|60,20,46,52,64,100,83,44,40,70,3,0,24,36,0,0
T|60,20,46,48,64,100,83,44,40,70,0,0,25,41,0,0
T|60,16,8,26,80,92,100,76,80,60,20,3,52,24,0,0
T|56,20,43,56,56,93,93,40,36,73,3,0,12,50,0,0
T|56,16,30,44,64,90,100,52,52,66,6,0,28,36,0,0
T|56,13,10,16,63,90,100,64,63,50,23,0,50,13,0,0
T|56,10,36,36,76,93,96,56,56,66,6,0,36,33,0,0
T|53,3,40,36,66,96,93,44,50,60,0,0,30,30,0,0
T|52,16,26,32,60,96,96,60,56,66,10,0,36,36,0,0
T|52,16,26,28,60,96,96,60,44,66,10,0,36,36,0,0
T|50,23,0,4,63,80,90,68,63,53,33,16,53,6,0,0
T|46,23,0,0,63,76,86,56,73,56,43,20,53,3,0,0
T|43,30,0,0,60,80,76,60,70,60,50,28,53,3,0,0
T|40,23,0,0,50,80,73,60,70,66,50,36,53,10,0,0
T|3,70,0,0,26,86,50,28,56,73,76,60,50,8,0,0
T|3,53,0,0,23,80,36,20,46,86,93,68,56,13,0,2
T|33,36,0,0,50,83,86,60,60,63,40,20,46,10,0,0
T|26,40,0,0,43,83,66,46,66,60,60,40,58,4,0,0
T|26,36,0,0,43,83,66,53,60,70,56,36,50,10,0,0
T|23,46,0,0,43,83,63,45,56,70,60,37,50,6,0,0
T|20,46,0,0,43,80,60,43,56,73,70,46,50,10,0,0
T|16,46,0,0,33,76,56,46,46,80,70,50,56,13,0,0
T|0,70,0,0,33,80,30,10,60,83,96,80,62,8,0,12
T|0,66,0,0,33,80,26,10,56,86,100,76,58,12,0,12
T|0,66,0,0,10,93,43,20,50,76,83,80,46,10,0,2
T|0,62,8,0,16,95,20,0,50,100,100,60,60,13,36,45
T|0,58,8,0,26,86,13,0,66,90,100,70,50,4,16,41
T|0,58,12,0,10,90,20,0,56,86,100,65,54,4,16,39
T|0,58,0,0,23,90,16,0,66,76,100,63,58,0,12,33
T|0,54,8,0,26,86,13,0,63,90,100,66,50,4,16,41
T|0,54,8,0,13,93,23,0,63,90,96,51,54,0,29,39
T|0,54,8,0,13,90,10,0,56,93,96,51,54,0,29,42
T|0,54,12,0,13,96,16,0,53,86,100,62,58,4,20,39
T|0,54,0,0,23,93,16,0,63,93,100,63,58,0,12,33
T|0,54,0,0,10,85,25,3,40,80,97,70,45,14,10,12
T|0,50,8,0,23,90,23,0,50,93,100,77,58,16,8,21
T|0,50,8,0,23,83,13,0,60,96,100,65,58,4,16,32
T|0,50,8,0,13,93,10,0,56,90,96,54,58,4,33,46
T|0,50,8,0,13,90,10,0,56,93,96,51,54,0,29,42
T|0,48,5,0,8,85,14,0,51,77,100,36,37,5,34,26
T|0,46,16,0,10,100,20,0,60,80,100,62,41,0,25,35
T|0,45,8,0,20,83,10,0,53,100,100,65,58,8,25,35
T|0,42,17,0,0,85,11,0,40,88,97,46,54,14,39,41
T|0,41,16,0,13,93,10,0,63,96,96,48,50,4,37,57
S|8,76,30,52,60,70,56,80,72,63,90,60,20,25,66,5
S|8,63,36,52,48,86,60,80,72,66,90,60,25,29,58,10
S|8,60,36,52,48,86,60,80,72,66,90,60,25,29,58,10
S|8,53,33,44,68,83,60,68,80,60,83,52,32,26,56,8
S|8,32,24,30,64,100,52,73,76,60,80,70,46,30,66,25
S|6,73,23,20,53,80,63,70,66,63,76,50,10,33,66,3
S|6,73,20,16,60,76,66,70,80,63,73,50,10,36,70,0
S|6,63,53,0,56,73,76,40,30,70,63,62,0,41,66,11
S|6,60,36,28,56,93,60,64,70,66,86,40,30,23,66,4
S|4,53,36,40,48,93,53,76,68,63,90,60,28,26,60,8
S|4,43,40,32,60,96,60,64,72,66,86,48,32,33,63,8
S|3,63,16,20,50,80,60,70,70,66,70,53,10,30,76,3
S|20,76,33,32,70,76,60,64,80,73,86,32,4,37,58,0
S|20,73,40,32,72,80,53,68,80,50,86,36,35,20,66,0
S|20,70,33,40,66,76,56,68,80,60,86,32,12,16,62,0
S|20,70,33,36,60,76,50,68,76,60,86,32,12,16,62,0
S|20,70,30,28,66,83,56,64,80,66,83,32,16,37,66,0
S|16,80,30,32,63,80,60,68,76,60,86,40,16,29,62,0
S|16,73,36,40,60,76,56,72,70,60,93,44,20,20,54,0
S|16,66,30,28,60,80,56,68,76,66,83,36,25,33,66,5
S|15,75,37,40,64,80,56,80,80,63,86,52,30,25,70,5
S|13,80,40,0,66,70,56,60,50,73,66,53,0,53,66,3
S|13,73,40,0,66,70,53,60,50,73,66,53,0,53,66,3
S|13,73,30,32,70,73,63,64,70,63,86,40,20,25,62,0
S|13,73,26,32,60,80,63,68,73,56,83,40,20,29,66,0
S|13,70,36,32,56,83,60,64,73,56,90,40,29,25,62,0
S|13,66,30,28,56,83,66,64,76,63,90,40,25,29,66,0
S|13,66,23,28,56,86,60,72,73,66,80,48,26,30,60,0
S|12,70,36,52,60,80,56,80,72,66,90,56,20,16,54,10
S|12,66,25,35,53,86,60,72,70,53,83,52,37,33,70,5
S|12,63,36,36,64,83,53,72,80,63,93,52,25,25,70,5
S|12,63,33,36,64,83,60,72,80,66,86,48,35,25,70,5
S|12,48,24,50,68,88,60,73,80,60,92,63,36,20,64,20
S|12,44,24,50,68,88,60,73,80,60,92,63,45,25,60,25
S|10,76,36,36,60,73,63,70,70,56,86,40,4,25,66,8
S|10,73,60,0,63,56,76,40,16,73,63,62,0,43,70,8
S|10,73,33,10,63,73,63,70,66,70,73,50,0,40,66,0
S|10,70,29,40,60,86,56,80,80,66,86,60,30,29,70,10
S|10,66,30,24,63,83,53,68,76,70,86,44,29,37,70,5
S|10,56,33,44,56,90,60,72,70,60,86,52,29,29,66,5
S|0,8,36,26,64,100,44,73,76,56,80,66,53,36,70,25
S|0,8,24,26,52,100,44,73,80,60,80,66,46,33,70,30
S|0,4,44,23,53,100,46,66,73,60,96,66,32,48,36,10
S|0,24,24,33,52,100,52,73,80,60,80,70,46,30,70,27
S|0,19,55,16,53,97,61,56,53,55,97,50,16,36,20,0
S|0,19,55,16,53,97,61,56,53,55,97,50,16,36,16,0
S|0,16,24,33,48,100,52,73,76,60,88,66,43,40,66,33
S|0,13,50,25,60,96,50,69,63,53,96,61,24,52,16,3
S|0,10,66,16,63,96,46,66,73,50,100,58,24,56,12,3
S|0,10,63,22,60,96,43,66,66,53,100,61,24,56,12,3
S|0,10,63,22,60,96,40,66,66,53,100,61,24,56,12,3
R|8,33,72,33,77,88,58,3,52,63,94,73,30,73,23,8
R|8,33,72,33,77,83,58,3,52,63,94,73,30,73,23,8
R|5,36,72,16,80,91,47,3,69,55,88,56,25,69,22,6
R|46,73,80,60,66,73,70,24,80,66,66,24,46,53,70,24
R|46,63,63,53,73,80,73,36,76,70,63,20,56,63,80,26
R|43,80,80,64,66,60,60,32,83,76,73,16,54,58,75,30
R|43,80,80,64,66,60,60,28,83,76,73,16,54,58,75,30
R|43,70,80,60,66,73,63,32,76,70,66,16,50,56,66,28
R|43,60,70,56,73,80,66,28,73,73,53,16,50,56,80,24
R|40,76,80,60,60,60,60,48,66,73,73,24,46,46,63,36
R|40,73,70,56,66,73,70,33,76,70,63,16,40,56,73,23
R|40,60,60,48,70,73,73,40,76,73,56,12,47,52,69,20
R|36,80,73,53,63,63,76,33,80,73,63,13,40,46,73,20
R|36,76,70,53,56,63,70,40,73,70,70,20,40,53,66,26
R|36,73,70,53,56,60,70,40,73,70,70,20,40,53,66,26
R|36,70,66,53,56,66,73,40,70,66,70,20,43,60,66,26
R|33,80,80,51,56,56,76,31,73,70,70,11,36,40,70,17
R|33,80,76,64,66,63,66,36,76,73,70,20,40,40,66,24
R|33,80,76,50,63,60,73,40,83,76,63,13,40,43,76,20
R|33,80,60,50,56,70,80,43,73,66,63,13,40,50,80,26
R|33,80,60,50,56,70,80,43,73,66,63,13,36,50,80,26
R|33,76,70,53,63,63,80,40,76,66,63,13,40,53,73,23
R|33,73,60,36,66,66,80,56,80,73,53,6,38,44,75,13
R|33,66,56,46,53,73,83,53,70,66,53,10,44,55,72,19
R|33,63,66,56,56,73,73,36,73,63,66,20,50,63,80,26
R|33,63,66,50,60,70,73,36,70,63,66,16,38,55,63,25
R|33,60,63,52,73,76,70,32,76,70,56,16,60,66,76,24
R|30,80,80,66,56,63,70,33,70,70,73,26,36,50,66,20
R|30,80,76,45,66,46,76,48,83,90,63,2,16,25,69,4
R|30,66,73,53,66,76,70,30,76,66,63,16,46,56,73,26
R|30,56,60,44,70,80,73,32,73,66,56,16,50,58,63,23
R|26,73,66,45,53,63,80,40,70,73,70,14,33,50,66,19
R|26,60,66,48,63,80,73,40,70,56,60,16,44,52,66,33
R|26,44,61,46,80,75,61,16,80,69,86,50,28,50,26,20
R|23,80,63,40,50,60,80,60,76,73,63,5,27,38,69,19
R|23,73,66,45,53,63,80,40,70,73,70,14,33,47,66,19
R|23,43,63,48,69,80,66,26,72,63,77,36,33,50,43,24
R|20,80,77,43,53,57,68,43,73,88,57,0,10,22,68,0
R|20,70,56,42,40,70,90,54,70,73,63,8,36,50,72,26
R|20,66,63,50,53,70,83,50,73,63,66,16,50,66,80,30
R|20,36,60,52,73,83,69,26,70,66,83,50,40,63,33,28
R|16,38,66,40,80,86,66,10,66,69,88,56,32,63,30,12
R|13,80,54,13,53,57,91,70,83,82,28,0,19,38,66,0
R|13,40,56,44,66,86,69,26,69,63,77,33,36,60,50,32
R|13,36,69,43,80,77,61,10,60,66,91,70,28,60,23,36
R|11,38,72,30,77,88,50,6,63,63,91,53,33,63,26,8
R|0,30,75,22,72,91,58,2,52,52,94,63,22,72,19,8
P|8,65,11,0,42,74,94,43,74,60,60,30,42,54,0,0
P|8,43,70,56,70,75,75,20,63,58,58,0,24,66,16,0
P|8,36,70,60,66,80,80,23,56,58,61,0,24,73,20,0
P|8,36,64,63,80,80,90,25,73,50,73,0,32,76,24,0
P|8,36,60,52,76,83,75,30,76,52,44,0,40,76,10,0
P|7,67,17,0,51,68,91,33,85,65,60,43,32,53,0,0
P|7,64,14,0,45,77,94,43,80,62,51,26,50,67,0,0
P|6,71,34,0,43,62,100,66,70,71,45,20,33,67,0,0
P|6,54,11,0,40,80,100,43,83,54,60,36,43,65,0,0
P|6,36,63,69,76,80,90,16,60,56,93,0,20,68,24,0
P|6,36,63,69,76,80,90,13,60,56,93,0,20,68,24,0
P|5,65,14,0,51,68,91,33,85,65,60,43,32,53,0,0
P|5,65,14,0,45,71,94,46,80,65,48,26,46,60,0,0
P|5,62,11,0,45,77,94,43,80,62,51,26,50,67,0,0
P|5,60,8,0,42,80,88,33,74,57,60,40,42,60,0,0
P|5,57,11,0,42,82,91,36,71,57,57,33,40,62,2,0
P|5,54,8,0,37,82,88,33,77,57,62,43,48,62,0,0
P|43,76,70,52,66,60,76,40,83,76,30,0,41,70,0,0
P|40,76,73,56,66,60,76,30,73,70,36,0,36,63,3,0
P|40,73,80,60,70,63,66,24,83,60,43,0,36,60,3,0
P|36,76,73,56,56,53,80,36,70,73,43,0,37,70,4,0
P|36,76,73,53,56,56,83,40,76,73,43,0,37,70,8,0
P|3,60,25,0,40,77,100,70,70,54,45,16,43,71,2,0
P|3,57,14,0,43,77,100,56,80,57,48,26,46,74,2,0
P|33,70,60,40,66,63,83,56,73,63,33,0,50,66,6,0
P|33,70,60,40,66,63,83,56,73,60,33,0,50,66,6,0
P|33,66,46,22,66,73,93,77,76,60,43,0,50,66,6,0
P|33,63,66,56,56,63,83,33,70,60,46,0,30,73,10,0
P|26,73,66,45,56,56,86,45,73,70,40,0,36,56,3,0
P|26,70,66,45,56,60,86,45,73,66,43,0,36,60,6,0
P|26,70,66,45,56,60,86,45,73,63,43,0,36,60,6,0
P|26,46,60,44,70,83,83,36,76,50,40,0,52,75,8,0
P|2,62,20,0,45,65,94,25,74,74,65,51,21,53,0,0
P|2,60,17,0,40,68,91,20,74,68,71,51,25,64,0,0
P|23,73,63,45,56,56,90,48,73,70,43,0,37,75,8,0
P|23,56,66,56,66,80,80,36,70,50,46,0,41,72,11,0
P|23,56,63,56,66,80,80,36,70,50,46,0,41,72,11,0
P|20,60,40,20,43,73,100,71,70,53,53,5,50,73,6,0
P|20,60,40,17,43,73,100,71,70,53,53,2,43,70,6,0
P|20,56,40,31,43,70,96,62,70,56,53,0,43,80,10,0
P|20,44,69,53,73,72,75,10,60,69,58,0,20,56,10,0
P|20,43,60,52,69,80,75,26,69,63,41,0,33,60,6,0
P|20,36,56,44,66,83,77,33,69,58,47,0,33,60,10,0
P|16,63,43,14,43,73,100,77,70,53,56,5,43,73,10,0
P|16,60,36,14,50,70,96,74,66,53,50,0,53,76,10,0
P|16,36,60,52,69,83,75,30,66,58,44,0,33,66,10,0
P|13,73,60,22,50,60,96,77,73,70,46,0,33,75,4,0
P|13,73,40,5,50,60,100,82,83,66,46,8,41,66,4,0
P|13,41,66,53,70,72,75,13,60,63,58,0,20,60,10,0
P|12,50,70,56,73,72,72,20,66,66,55,0,24,60,10,0
P|12,33,63,48,73,77,80,23,60,52,61,0,32,70,20,0
P|10,64,14,0,54,62,94,36,82,71,51,36,35,46,0,0
P|10,41,66,53,70,75,75,13,50,61,66,0,16,63,13,0
P|0,62,14,0,43,77,97,36,80,60,62,46,45,67,3,0
P|0,62,14,0,40,71,91,30,74,65,71,60,28,60,0,0
P|0,60,14,0,37,74,91,20,74,60,74,60,28,54,0,0
P|0,30,56,66,73,90,90,16,50,56,90,2,10,66,36,0
P|0,23,56,66,63,90,93,19,46,53,83,11,10,70,43,0
P|0,13,56,61,53,93,96,16,43,56,80,11,6,70,63,0
N|9,78,59,27,7,85,64,33,69,80,88,0,5,37,54,0
N|8,77,54,33,11,90,69,41,42,66,85,5,34,54,74,6
N|5,80,54,28,2,88,73,42,59,76,83,2,20,45,68,0
N|4,83,50,23,2,83,71,42,76,80,83,2,2,42,60,0
N|4,80,45,23,2,85,71,42,64,76,83,2,14,45,62,0
N|4,78,50,14,0,80,71,64,73,83,78,0,2,40,65,0
N|4,73,59,22,0,71,73,45,71,83,88,8,2,31,65,0
N|4,73,47,23,0,80,76,47,59,80,88,2,14,37,68,2
N|40,80,73,64,56,100,63,26,40,72,97,40,64,60,50,24
N|36,76,76,64,41,100,63,23,36,72,97,36,53,56,50,24
N|33,80,80,56,33,100,56,23,30,70,93,23,55,69,72,19
N|33,73,66,50,33,100,63,40,26,56,86,16,61,80,83,30
N|33,73,66,50,33,100,63,40,26,53,86,16,61,80,83,30
N|33,66,80,56,44,94,61,10,27,69,100,53,50,50,33,12
N|30,70,73,64,47,100,61,23,30,69,97,36,56,63,56,28
N|30,66,63,50,33,100,66,43,13,56,90,16,69,83,83,33
N|30,63,77,50,70,100,61,6,23,63,100,60,53,55,33,10
N|30,63,75,56,53,100,61,10,33,69,97,60,52,63,43,20
N|30,63,72,66,53,100,61,10,26,61,97,63,52,66,43,20
N|30,60,76,56,52,100,58,20,25,72,100,40,60,70,53,16
N|30,55,75,50,70,100,61,6,13,61,100,63,50,58,38,10
N|26,80,80,66,33,100,63,26,13,60,100,30,58,77,75,30
N|26,76,76,63,33,100,63,33,16,60,93,23,55,77,77,33
N|26,73,70,48,23,100,73,37,16,53,93,14,55,77,83,26
N|2,38,72,20,78,97,57,8,9,66,100,60,36,58,22,0
N|23,73,70,57,23,96,70,40,20,56,93,22,58,75,77,33
N|23,70,66,45,19,94,69,33,36,66,100,26,46,60,63,22
N|2,36,72,23,78,97,59,8,14,64,100,65,30,61,22,0
N|2,36,72,20,78,97,59,8,14,64,100,65,30,61,22,0
N|23,56,63,50,44,100,63,30,22,61,100,33,60,73,63,30
N|20,80,73,54,20,96,66,40,26,56,96,22,52,75,80,30
N|20,80,73,54,20,96,66,40,23,56,96,22,52,75,80,30
N|20,76,66,48,20,100,70,40,20,50,93,22,61,75,80,35
N|20,71,60,40,23,97,61,33,38,71,88,11,42,62,65,10
N|20,60,60,53,36,100,69,36,22,66,100,33,56,73,70,26
N|19,61,66,50,41,100,66,19,25,63,100,41,53,63,53,16
N|19,61,63,50,41,100,66,19,25,63,100,41,53,63,53,16
N|16,63,66,51,25,94,72,30,25,63,100,38,46,60,63,25
N|14,76,45,25,7,85,64,41,78,88,73,0,5,42,60,0
N|13,74,71,43,13,94,65,36,23,57,88,6,47,76,83,16
N|13,65,51,26,13,95,71,44,41,73,83,5,40,68,74,0
N|13,38,66,50,80,100,61,3,3,58,100,70,48,69,42,20
N|10,71,62,43,11,92,64,36,44,73,90,8,40,57,68,6
N|0,77,65,20,0,71,73,59,69,83,83,0,2,34,68,0
N|0,76,57,14,4,76,69,52,73,83,85,0,0,34,62,0
N|0,76,50,6,2,73,76,64,71,85,76,0,0,35,64,0
N|0,73,54,14,0,83,69,57,71,80,85,4,0,42,68,0
N|0,69,57,25,2,61,71,58,61,85,92,4,0,34,74,2
N|0,69,50,10,4,64,73,66,66,83,76,2,0,34,65,2
N|0,69,47,21,0,83,76,50,54,69,88,2,17,48,74,5
N|0,66,50,10,0,71,78,72,64,76,85,2,7,45,73,4
N|0,66,50,10,0,69,78,70,61,76,85,2,7,45,73,4
N|0,66,47,4,2,73,78,66,64,83,78,0,7,38,66,0
N|0,59,42,8,0,76,83,70,59,76,80,2,4,40,71,0
N|0,50,29,0,21,58,89,48,39,91,53,10,0,20,35,0
N|0,47,50,0,11,52,90,72,61,90,69,16,0,38,66,0
N|0,41,27,0,9,50,93,47,59,85,56,33,0,42,55,0
M|9,73,59,38,11,78,78,36,38,66,78,27,55,77,71,0
M|4,33,64,11,79,100,79,29,14,64,79,47,28,73,40,7
M|4,33,64,11,79,100,77,29,10,64,79,47,28,73,38,7
M|34,59,73,48,57,78,73,42,34,83,78,45,56,69,50,23
M|34,57,65,64,57,80,80,54,34,71,88,50,63,70,53,27
M|31,57,76,51,48,80,78,48,25,73,85,48,50,72,50,26
M|31,50,69,51,62,80,76,37,25,66,76,42,48,66,50,25
M|27,75,75,59,22,75,83,35,30,66,75,28,61,76,73,28
M|2,76,66,42,7,66,85,33,40,71,76,23,51,75,71,2
M|2,69,53,23,4,48,85,41,75,95,73,16,14,42,59,0
M|25,63,69,58,30,88,83,44,19,61,80,33,66,80,78,30
M|25,58,63,56,47,85,83,42,30,69,80,37,58,75,66,26
M|23,52,73,25,73,90,78,34,14,64,85,37,42,73,47,17
M|2,33,64,20,66,97,85,33,10,62,91,50,21,73,40,10
M|22,69,72,59,30,80,83,35,27,61,72,28,61,80,76,28
M|22,61,66,58,30,80,85,47,33,76,80,35,50,69,61,27
M|19,78,73,52,19,76,76,22,33,71,73,19,52,71,75,7
M|19,52,78,28,71,92,80,37,14,61,76,45,40,73,50,22
M|19,52,78,28,71,92,78,37,14,61,76,45,40,73,50,22
M|19,45,69,35,61,92,78,30,9,66,76,45,38,76,52,21
M|16,52,78,20,80,92,78,34,7,64,76,45,39,70,43,17
M|11,80,76,55,8,66,78,33,27,71,71,22,58,80,83,13
M|11,73,64,38,14,78,78,30,33,66,76,16,55,77,71,0
M|0,76,64,42,4,69,73,40,30,73,76,28,44,73,75,8
M|0,76,64,42,4,69,73,40,30,71,76,28,44,73,75,8
M|0,73,57,30,6,61,89,42,51,85,71,20,23,54,71,2
M|0,71,54,30,6,63,87,40,48,79,71,20,30,59,73,2
M|0,69,50,35,8,67,83,44,53,83,75,18,35,59,71,0
M|0,69,50,35,8,67,83,44,53,83,73,18,35,59,71,0
M|0,69,47,33,2,71,79,44,46,81,71,20,35,66,71,4
M|0,66,54,11,0,52,81,50,68,85,89,4,21,67,39,0
M|0,66,52,31,6,67,87,48,44,79,73,25,38,64,76,8
M|0,65,55,28,2,57,87,46,55,89,77,21,23,52,69,4
M|0,64,54,33,8,71,85,38,44,77,67,18,42,66,73,2
M|0,62,50,11,0,48,83,46,67,94,71,8,11,50,56,0
M|0,61,51,26,0,53,91,44,53,85,71,23,26,54,73,4
M|0,60,62,19,2,41,82,40,65,98,69,14,4,43,54,0
M|0,60,39,4,0,58,83,48,69,87,78,4,12,62,43,0
M|0,58,60,16,0,41,85,42,59,96,66,16,7,50,58,0
M|0,58,54,16,0,44,82,46,51,85,66,20,21,50,60,0
M|0,58,53,26,0,48,83,40,51,92,75,12,21,50,60,0
M|0,58,53,26,0,46,80,40,59,96,71,8,4,45,56,0
M|0,56,50,16,0,55,85,51,61,87,71,12,14,47,60,0
M|0,53,39,16,0,53,78,44,55,85,69,12,16,42,57,0
M|0,52,50,6,5,42,83,53,62,94,75,12,4,52,50,0
M|0,50,53,3,14,46,83,55,66,91,69,5,2,41,41,0
M|0,50,50,3,10,37,87,55,66,92,66,5,4,45,41,0
M|0,42,37,0,7,46,83,62,66,89,76,7,3,51,39,0
M|0,41,56,4,35,39,87,62,51,91,69,7,0,50,16,0
M|0,39,55,1,16,39,83,64,55,92,78,8,0,41,37,0
M|0,30,58,4,10,32,83,68,51,98,80,15,0,39,47,0
M|0,30,55,0,23,39,85,66,55,92,78,10,0,44,26,0
K|9,76,42,11,16,92,78,55,61,61,78,0,0,0,52,0
K|9,71,54,30,11,85,73,36,59,54,90,5,2,0,51,0
K|8,33,72,33,75,97,58,3,19,86,91,66,40,11,0,20
K|7,76,54,25,11,85,73,41,57,54,88,2,0,0,40,0
K|5,80,51,13,11,90,78,55,61,64,78,0,2,0,65,0
K|5,36,69,23,71,97,61,2,30,71,66,60,38,5,0,0
K|4,83,61,38,16,80,76,40,45,47,90,4,0,0,40,0
K|4,83,45,23,16,85,78,47,50,57,83,2,0,0,50,0
K|4,83,45,23,16,83,78,42,47,57,80,2,0,0,50,0
K|4,76,47,11,16,78,85,64,40,57,78,0,0,2,54,0
K|4,73,54,22,11,73,85,45,45,50,85,8,0,0,45,0
K|4,73,45,23,14,85,78,50,57,59,83,2,0,0,50,0
K|4,73,45,23,14,85,78,47,57,59,83,2,0,0,50,0
K|44,76,93,80,40,86,73,16,48,83,100,44,48,33,26,52
K|3,74,60,40,5,78,83,52,55,61,90,19,10,0,48,30
K|33,73,73,66,30,93,76,30,50,90,93,26,44,2,41,30
K|33,73,73,53,33,93,73,36,56,93,96,20,36,0,55,27
K|33,46,66,60,50,93,73,24,33,96,93,32,47,19,41,46
K|30,80,80,63,26,86,76,33,46,83,96,26,36,2,41,36
K|30,70,70,66,33,86,80,30,46,96,96,26,38,5,41,38
K|30,63,76,52,53,93,70,24,43,96,86,28,55,11,50,33
K|30,58,75,50,56,94,66,10,53,69,86,60,40,0,5,16
K|26,60,60,46,30,88,80,36,58,69,97,27,20,0,33,26
K|26,56,63,50,38,91,75,36,52,75,97,30,33,0,20,33
K|26,46,56,44,52,94,75,33,44,86,94,33,46,0,26,40
K|24,53,73,64,50,91,72,26,40,83,91,56,52,3,13,36
K|23,56,70,63,30,90,76,30,30,96,96,36,44,16,33,50
K|2,27,75,22,72,100,63,5,16,86,91,69,28,28,0,14
K|2,27,75,22,72,100,61,5,16,86,91,69,28,28,0,14
K|2,27,69,16,78,95,66,9,23,76,69,59,27,8,0,0
K|20,80,66,54,16,83,83,42,50,90,96,17,27,2,50,30
K|20,76,76,62,16,83,76,37,33,93,100,34,41,5,30,35
K|20,56,63,56,25,86,77,38,50,75,94,38,23,0,20,33
K|19,58,63,50,33,91,75,22,52,72,94,41,33,0,16,26
K|16,78,59,33,14,85,73,38,66,45,88,9,0,0,48,2
K|14,80,59,36,19,88,78,38,57,61,83,5,0,0,45,0
K|14,80,59,36,19,83,78,38,54,57,80,5,0,0,45,0
K|14,76,42,16,19,88,80,47,57,59,69,0,0,0,50,0
K|13,74,65,43,8,85,76,36,58,61,95,16,10,0,40,10
K|13,74,65,43,8,85,76,36,58,61,95,16,10,0,37,10
K|13,44,61,46,63,94,66,20,36,83,91,56,50,5,8,30
K|11,41,72,33,69,97,58,3,27,86,91,60,44,8,5,26
K|11,41,72,33,69,97,58,3,25,86,91,56,44,8,2,26
K|10,33,63,50,73,94,66,10,20,86,91,70,42,14,4,22
K|0,76,57,14,23,83,78,57,42,52,85,0,0,0,54,0
K|0,76,47,4,19,78,90,64,42,57,76,0,0,0,54,0
K|0,71,52,11,19,80,80,61,47,54,85,4,0,0,57,0
K|0,71,47,12,16,80,83,60,47,50,83,0,0,0,57,0
K|0,69,50,18,14,71,85,66,42,42,88,4,0,0,57,2
K|0,65,77,22,33,83,78,60,30,35,92,0,0,0,45,0
K|0,59,42,0,45,78,97,52,16,57,54,25,0,14,48,0
K|0,59,42,0,38,78,100,52,23,59,57,27,0,14,48,0
K|0,59,40,0,33,78,100,52,23,59,54,27,0,14,48,0
H|9,78,59,27,2,66,59,38,69,95,52,0,5,37,54,0
H|8,80,54,33,9,66,76,44,42,83,47,5,34,54,74,10
H|8,77,54,33,9,66,76,44,42,83,47,5,34,54,74,10
H|8,38,72,23,66,90,38,2,11,80,88,60,38,55,19,0
H|8,33,63,33,69,97,52,13,0,69,69,50,38,71,50,17
H|5,80,54,28,2,66,69,45,59,88,50,2,20,45,68,0
H|5,74,48,10,4,73,73,61,66,90,35,0,17,65,71,0
H|5,36,72,30,69,92,40,5,7,73,88,68,36,61,22,0
H|4,80,45,23,0,66,69,42,73,95,47,2,14,45,62,0
H|4,80,45,23,0,66,66,42,73,95,47,2,14,45,62,0
H|4,76,50,14,4,52,73,64,73,95,45,0,2,40,65,0
H|4,73,59,22,0,50,73,47,71,92,54,6,2,31,65,0
H|4,73,59,22,0,50,73,45,71,92,54,6,2,31,65,0
H|4,73,47,23,2,57,71,54,66,92,47,2,14,37,68,2
H|36,76,76,64,27,83,50,26,38,88,69,30,53,56,50,24
H|33,80,80,56,20,80,56,33,33,80,50,16,55,69,72,19
H|33,73,66,50,23,83,70,40,26,76,43,10,61,80,83,30
H|33,66,80,60,27,80,41,13,36,88,83,46,50,50,33,12
H|30,63,77,50,53,86,38,10,26,86,80,53,53,55,33,10
H|30,63,75,60,46,83,44,16,33,86,83,53,52,63,43,20
H|30,63,72,66,46,77,50,16,30,83,77,53,52,66,43,20
H|30,61,77,66,36,77,50,13,23,77,86,60,46,52,36,13
H|30,60,76,56,36,83,50,20,33,83,69,33,60,70,53,16
H|30,55,75,50,56,86,44,10,23,80,80,56,50,58,38,10
H|26,76,76,63,26,76,66,36,20,76,46,16,55,77,77,33
H|26,73,70,48,13,73,76,40,23,73,46,8,55,77,83,26
H|2,38,72,20,71,95,35,5,9,83,88,60,36,58,22,0
H|23,73,70,57,20,73,66,42,23,73,50,14,58,75,77,33
H|23,70,66,45,16,75,69,33,38,83,63,21,46,60,63,22
H|23,66,70,57,20,73,73,42,20,66,53,14,61,80,83,33
H|23,56,63,50,38,77,63,33,25,83,61,27,60,73,63,30
H|20,80,76,60,13,63,80,40,30,70,56,17,47,72,75,33
H|20,76,66,48,20,100,70,40,20,50,93,22,61,75,80,35
H|20,76,66,48,16,70,73,42,20,70,53,11,61,75,80,35
H|20,71,60,40,21,78,64,36,40,88,54,8,42,62,65,10
H|19,61,63,50,33,80,55,19,30,80,72,33,53,63,53,16
H|19,61,63,50,33,80,55,19,27,80,72,33,53,63,53,16
H|13,80,77,56,13,68,62,30,26,74,48,10,50,73,71,13
H|13,65,51,26,8,66,73,47,50,85,47,2,40,68,74,0
H|13,38,66,50,73,94,55,6,3,66,72,63,48,69,42,20
H|11,41,66,33,77,91,41,3,2,75,69,53,42,69,47,14
H|0,76,54,16,4,45,73,61,69,97,50,0,2,34,68,0
H|0,76,50,6,2,45,78,64,71,100,40,0,0,35,64,0
H|0,73,54,14,4,59,69,59,71,97,47,4,0,42,68,0
H|0,69,50,10,4,47,76,66,66,95,45,2,0,34,65,2
H|0,69,47,21,0,64,73,54,54,90,47,2,17,48,74,5
H|0,66,69,20,16,47,69,56,59,97,59,4,0,25,60,0
H|0,66,50,10,2,52,80,72,69,95,50,4,7,45,73,4
H|0,66,50,10,2,45,80,72,66,95,47,4,7,45,73,4
H|0,66,47,4,2,50,83,66,69,95,38,0,7,38,66,0
H|0,41,27,0,11,31,100,47,59,97,25,33,0,42,51,0
G|8,66,75,25,55,33,38,69,61,66,86,27,6,20,66,6
G|8,66,69,21,66,33,27,73,33,80,72,42,0,30,53,0
G|8,56,80,36,56,63,36,75,76,30,83,72,24,44,68,36
G|6,73,73,20,66,30,50,69,75,61,75,30,0,43,66,0
G|6,70,73,23,66,27,50,72,63,63,80,33,0,40,63,0
G|6,70,73,23,66,27,47,72,61,66,77,38,0,43,63,0
G|6,66,73,23,66,38,47,72,61,63,77,36,0,40,70,0
G|6,63,77,16,60,52,50,56,66,33,97,70,16,53,36,12
G|6,63,69,13,73,55,58,40,80,38,97,53,24,50,50,4
G|6,63,69,10,73,52,58,40,80,30,97,53,24,50,50,4
G|6,63,66,10,61,33,61,66,75,55,72,38,0,56,60,0
G|6,61,66,3,66,52,55,40,80,38,91,63,28,60,46,0
G|6,60,76,23,50,44,47,69,63,58,83,33,6,30,70,20
G|6,60,76,16,47,50,55,60,69,47,77,43,26,50,63,24
G|6,60,73,16,52,47,61,63,72,66,80,30,16,50,70,24
G|6,58,72,6,60,55,50,50,73,33,97,70,20,60,43,4
G|4,70,80,24,56,56,46,68,80,33,73,52,40,52,77,36
G|4,70,80,24,56,56,46,68,80,33,73,48,40,52,77,36
G|4,70,80,20,60,50,56,72,80,36,76,48,43,50,83,20
G|4,70,76,4,60,55,52,50,76,36,94,53,36,46,50,20
G|4,66,76,12,60,63,50,50,73,30,91,66,24,60,50,12
G|4,66,76,12,56,61,50,46,73,30,91,66,24,60,53,12
G|4,66,76,12,56,61,50,46,73,30,91,66,24,60,50,12
G|4,63,80,28,64,53,56,68,80,36,66,44,36,47,83,30
G|4,63,80,20,48,63,46,72,80,30,70,52,40,58,77,46
G|4,56,73,12,56,66,50,50,76,33,91,60,32,56,66,16
G|4,50,80,24,40,66,56,64,72,26,53,60,40,55,80,50
G|3,66,80,16,58,36,50,72,72,55,80,41,0,43,70,0
G|3,66,80,16,55,38,41,75,63,63,77,47,0,36,66,0
G|3,63,80,20,53,52,41,60,63,38,94,70,12,46,46,16
G|3,60,76,16,55,38,52,72,72,55,69,44,0,43,76,0
G|3,60,76,16,50,55,50,63,69,41,83,46,23,46,63,24
G|3,56,73,16,52,55,55,60,69,47,83,33,23,46,66,24
G|3,56,73,16,44,61,61,60,66,41,77,43,26,43,70,24
G|3,53,70,12,50,52,61,60,69,41,75,43,26,53,70,24
G|3,53,66,16,58,44,58,63,75,52,75,30,20,43,76,8
G|30,80,80,48,80,10,33,80,70,66,83,36,0,43,66,0
G|20,80,76,24,66,23,43,76,80,60,73,48,5,58,66,0
G|20,77,52,0,76,41,61,36,76,30,94,50,24,80,33,0
G|16,80,55,0,77,38,72,16,66,38,97,46,23,76,10,0
G|10,77,55,0,76,44,55,36,73,33,88,53,20,80,30,0
G|10,76,80,16,66,25,47,72,66,63,83,30,0,36,56,0
G|10,70,76,16,53,50,56,68,80,43,70,40,41,50,83,20
G|10,66,80,38,63,50,26,69,80,26,90,75,20,52,44,20
G|0,60,73,16,50,44,50,69,63,55,75,41,6,30,73,3
G|0,56,80,32,56,60,53,68,72,36,63,52,36,55,83,43
G|0,56,76,20,53,66,47,56,70,36,86,60,28,56,66,20
G|0,53,76,12,50,63,50,66,73,41,80,60,36,50,66,36
G|0,50,76,12,50,66,52,60,73,30,83,56,28,53,60,24
G|0,50,73,23,47,44,50,69,61,55,72,41,13,36,70,20
G|0,50,70,12,47,52,63,63,69,36,80,43,30,46,70,28
G|0,50,66,16,50,52,58,66,72,38,77,40,23,46,73,28
G|0,50,63,16,44,50,58,69,69,50,72,38,16,43,76,23
G|0,46,70,16,50,44,58,69,63,55,69,41,6,43,73,10
G|0,44,68,33,53,66,46,77,80,30,73,63,28,44,72,53
G|0,40,60,16,43,72,58,70,76,36,72,53,36,50,76,40
F|8,67,42,16,20,89,100,83,50,42,53,29,54,28,17,0
F|8,64,35,12,29,89,100,79,58,42,57,25,50,28,7,0
F|8,60,21,0,29,92,100,75,66,42,67,29,50,42,7,0
F|8,40,66,64,68,96,76,32,60,36,46,0,48,16,6,0
F|7,71,17,0,25,96,100,79,53,42,53,29,40,34,8,0
F|4,60,17,4,33,100,100,75,66,35,57,33,46,34,8,0
F|4,60,17,0,29,100,100,66,62,50,75,45,46,31,8,0
F|4,50,17,0,25,100,100,45,62,50,71,54,53,42,5,0
F|4,33,63,52,72,100,80,28,72,36,46,0,50,13,5,0
F|4,33,63,52,72,100,76,28,68,36,46,0,50,13,5,0
F|4,24,56,63,76,100,88,40,72,20,68,0,46,10,13,0
F|37,66,70,60,66,95,87,55,70,37,33,0,53,23,6,0
F|3,71,21,0,25,89,100,60,53,42,64,39,28,31,5,0
F|3,64,10,0,25,100,92,45,60,39,78,62,22,40,5,0
F|33,75,75,58,54,91,91,50,66,33,37,0,56,16,6,0
F|29,62,75,55,66,86,80,48,63,40,26,0,45,8,0,0
F|29,50,54,41,53,86,90,53,66,36,33,0,45,8,4,0
F|25,66,62,46,45,91,95,64,58,37,41,0,56,13,20,0
F|24,50,73,60,76,83,80,40,76,36,36,0,55,8,4,0
F|20,70,41,21,41,87,100,78,66,33,58,21,50,29,16,0
F|20,62,62,39,41,91,100,75,54,33,50,3,53,13,23,0
F|20,50,70,52,66,86,73,36,73,33,26,0,37,0,4,0
F|20,50,70,52,66,86,73,32,73,33,26,0,37,0,4,0
F|20,50,66,56,76,86,76,32,68,36,40,0,50,12,0,0
F|20,50,37,25,45,100,100,67,66,41,50,14,53,30,13,0
F|20,43,63,60,68,83,80,40,72,36,40,0,50,8,4,0
F|16,54,29,7,41,100,100,75,62,37,66,28,53,30,20,0
F|16,50,54,45,50,93,90,53,60,33,40,0,54,12,8,0
F|16,40,56,63,80,88,88,46,72,24,64,0,52,4,12,0
F|12,71,42,16,29,85,100,79,58,42,39,25,37,32,10,0
F|12,70,50,7,41,91,100,82,66,33,54,32,45,25,16,0
F|12,67,53,29,37,75,100,75,66,42,35,8,44,28,4,0
F|12,58,37,10,33,100,100,78,54,29,62,25,53,30,23,0
F|12,57,46,25,29,96,100,62,50,42,42,12,56,22,11,0
F|12,53,42,25,29,100,100,62,50,42,46,12,56,25,11,0
F|10,67,42,16,35,78,100,75,64,46,42,12,33,33,0,0
F|10,53,14,0,35,100,100,58,64,39,53,41,31,40,5,0
F|10,46,21,0,35,100,100,70,53,60,67,37,60,40,17,0
F|0,60,17,0,33,100,100,70,58,39,57,37,50,31,11,0
F|0,60,17,0,25,100,100,66,45,39,60,41,50,28,20,0
F|0,46,10,0,14,89,78,3,67,35,100,67,8,45,25,37
F|0,30,56,61,76,93,80,16,60,23,63,0,28,20,0,0
F|0,24,48,63,76,100,88,40,64,28,76,0,46,10,13,0
F|0,23,56,61,73,93,86,19,53,26,60,0,28,36,0,0
F|0,20,48,63,73,93,86,33,60,23,73,0,36,20,0,0
F|0,16,53,56,56,97,80,26,43,38,61,0,20,33,0,0
F|0,16,52,63,60,96,90,30,53,33,76,0,28,32,0,0
E|8,30,46,48,64,96,83,76,72,53,36,68,60,27,8,30
E|8,20,46,48,64,100,83,76,64,63,33,76,56,27,13,30
E|41,75,75,60,66,87,83,65,70,58,33,55,53,40,26,32
E|41,66,75,45,73,93,76,60,66,66,33,40,33,16,25,30
E|37,75,75,60,66,80,73,68,70,60,36,56,50,16,25,25
E|37,75,75,58,56,83,83,66,66,56,33,43,41,12,25,29
E|37,70,70,57,56,86,83,68,73,66,46,57,50,20,29,32
E|36,73,66,46,56,73,73,63,70,53,30,50,16,8,25,25
E|36,70,80,60,66,80,63,60,70,63,30,48,45,20,16,20
E|36,70,73,60,60,80,70,63,66,56,33,46,25,8,12,25
E|36,70,73,60,60,80,66,63,66,56,33,46,25,8,12,25
E|36,60,76,60,66,90,60,60,73,56,30,52,50,8,8,20
E|33,75,75,60,63,83,73,72,70,50,33,60,50,12,29,35
E|33,62,70,60,63,90,76,68,66,53,33,60,54,20,20,30
E|33,58,66,62,53,86,76,66,70,50,33,50,50,25,20,29
E|30,76,70,53,50,76,73,76,66,53,30,53,20,8,20,25
E|30,60,63,50,56,80,73,66,66,53,33,50,41,12,12,33
E|29,75,75,62,53,83,83,70,70,50,33,53,50,12,25,29
E|28,40,66,56,76,96,70,60,80,50,40,60,60,20,10,32
E|26,80,70,48,56,70,73,65,73,60,30,45,16,0,25,21
E|26,80,63,48,53,70,73,65,70,50,33,48,16,0,25,25
E|26,76,73,51,50,73,76,65,63,50,30,48,25,4,12,28
E|26,76,63,42,46,73,76,71,70,56,30,48,16,4,16,28
E|26,63,70,51,56,73,70,62,60,53,33,48,33,4,12,32
E|26,63,66,50,53,83,73,70,63,50,33,53,37,12,12,25
E|26,53,66,52,63,86,70,60,66,56,33,60,60,16,10,20
E|25,75,75,64,43,80,73,68,63,50,33,54,37,12,16,32
E|25,66,75,58,53,86,76,66,63,53,30,56,45,16,20,37
E|24,46,73,64,68,90,70,76,76,56,30,68,60,8,12,30
E|23,76,66,45,40,70,73,65,70,56,30,54,20,8,25,21
E|23,73,60,51,46,80,73,68,70,50,33,51,16,8,25,28
E|23,70,73,51,53,73,70,65,66,46,33,45,25,4,16,25
E|23,70,70,51,50,80,76,65,63,53,36,48,29,8,16,28
E|23,66,70,51,46,80,70,65,63,50,36,48,29,8,12,28
E|2,30,63,23,80,94,63,46,66,55,33,56,40,10,0,0
E|20,75,70,42,46,86,86,71,63,53,36,45,29,12,20,28
E|20,66,63,48,50,76,80,68,60,50,33,48,37,4,12,32
E|20,66,62,54,53,86,83,73,70,53,30,53,54,20,25,29
E|20,66,62,54,53,86,80,73,70,53,30,53,45,20,25,29
E|16,80,57,33,43,74,82,56,70,57,42,26,12,0,42,4
E|13,77,51,30,36,77,85,66,66,57,42,30,13,0,37,13
E|13,77,51,30,36,77,85,66,66,57,40,30,13,0,37,13
E|13,71,60,33,40,77,82,56,60,54,40,33,16,2,31,10
E|10,30,55,43,80,91,66,60,80,47,33,66,44,6,0,4
E|10,30,55,43,80,91,66,60,80,47,33,63,40,6,0,0
E|0,33,69,36,80,94,61,63,73,50,36,60,40,20,0,0
E|0,33,66,20,77,94,66,50,61,47,33,56,40,10,0,0
E|0,30,72,16,69,100,69,46,61,50,25,53,36,26,0,0
E|0,30,72,16,69,100,63,46,61,50,25,53,36,26,0,0
E|0,30,63,26,69,97,66,50,55,52,25,60,40,26,0,0
E|0,27,63,36,76,94,63,63,63,50,33,60,36,23,0,0
E|0,23,56,32,72,100,77,50,63,55,33,66,43,10,3,4
E|0,19,61,22,63,100,66,50,55,50,36,55,30,19,2,0
E|0,19,61,22,63,100,66,50,55,50,36,52,30,19,2,0
D|6,71,25,0,47,59,85,66,69,54,61,22,16,65,42,0
D|6,36,60,52,80,76,50,72,70,40,53,69,20,73,56,8
D|6,23,53,52,76,80,60,72,70,40,50,72,20,83,63,13
D|5,68,11,0,50,59,92,41,78,42,64,25,20,77,40,0
D|46,73,80,60,70,53,53,68,83,36,70,32,30,72,50,3
D|43,80,80,64,66,40,50,64,80,43,66,40,40,80,60,0
D|43,80,76,53,70,46,60,60,80,46,70,33,36,80,56,0
D|40,76,73,56,73,46,60,56,73,43,63,33,30,69,55,0
D|40,73,80,64,76,53,53,72,80,50,60,48,36,75,55,6
D|36,76,80,64,66,50,46,68,70,50,60,40,30,69,55,3
D|36,73,60,45,66,63,73,62,73,36,53,34,38,83,58,0
D|36,73,60,42,66,63,70,62,73,36,53,34,38,83,58,0
D|36,63,66,56,60,60,63,56,70,40,56,43,30,83,61,5
D|36,63,60,44,66,60,66,72,76,26,50,48,38,83,66,0
D|36,60,76,64,66,55,41,76,66,63,77,43,16,63,43,0
D|3,65,17,0,50,64,90,55,83,45,57,25,23,74,45,0
D|33,80,73,50,63,40,66,63,76,46,60,36,36,80,66,3
D|33,76,53,43,60,50,66,66,80,33,56,36,41,75,61,2
D|33,66,66,50,56,63,60,63,70,36,53,46,30,80,66,5
D|33,66,60,43,66,60,73,60,80,30,56,36,44,83,58,0
D|33,63,53,43,66,63,73,60,80,26,53,40,41,83,63,0
D|26,70,60,36,53,63,70,73,70,43,43,50,36,83,66,2
D|26,53,66,69,80,53,36,72,66,66,73,58,20,64,48,3
D|2,64,16,0,50,57,88,30,69,54,64,35,11,71,45,0
D|24,50,76,60,80,63,50,63,76,58,77,43,16,66,40,0
D|24,50,76,60,80,63,50,63,76,55,77,40,16,66,40,0
D|23,73,53,28,50,60,76,65,70,40,36,48,33,80,69,7
D|23,73,53,28,50,60,76,65,70,40,36,48,33,80,66,7
D|23,70,63,45,50,60,63,65,70,50,46,42,33,77,61,4
D|20,76,53,25,50,60,76,71,70,40,30,48,33,77,69,9
D|20,76,43,14,53,60,83,80,80,33,30,42,38,83,75,9
D|20,73,56,31,50,70,83,71,66,40,36,42,38,83,69,7
D|20,73,46,11,60,56,86,74,83,33,43,40,38,83,69,2
D|20,70,33,14,63,47,77,69,80,52,63,30,20,63,46,0
D|20,40,66,64,63,72,52,76,60,63,63,53,20,76,53,4
D|16,80,43,8,56,60,83,80,83,36,40,45,38,77,66,7
D|16,73,40,5,53,56,86,80,83,36,30,48,36,80,69,4
D|16,44,72,60,73,61,33,66,56,58,80,50,16,66,43,0
D|0,27,69,20,66,88,61,50,55,36,61,53,14,73,50,5
D|0,27,66,46,63,80,50,76,43,52,58,70,10,69,58,6
D|0,22,66,36,70,88,50,70,50,44,58,63,10,77,61,10
D|0,16,63,43,50,88,52,76,40,52,44,76,2,69,61,11
D|0,16,53,50,73,90,60,72,66,33,40,75,17,74,62,19
C|6,70,73,16,63,36,63,66,83,13,40,56,8,36,58,5
C|6,70,73,16,63,33,63,66,83,13,33,56,5,36,58,2
C|6,63,76,16,50,60,56,72,70,13,46,52,38,25,58,6
C|6,63,73,16,63,40,63,70,76,13,30,56,3,46,70,6
C|6,63,73,12,56,56,60,68,80,13,50,52,41,25,58,10
C|6,60,83,30,60,63,26,66,60,36,30,61,16,80,4,6
C|6,60,76,13,60,43,60,73,80,13,33,63,10,43,70,10
C|6,60,70,16,63,50,63,66,83,10,30,56,16,33,61,5
C|4,70,80,24,60,46,46,76,80,16,46,56,44,23,63,12
C|4,70,80,24,52,56,46,76,80,23,43,60,36,25,55,10
C|4,70,80,16,46,61,41,66,63,38,52,53,24,36,26,0
C|4,68,80,33,56,72,44,73,80,16,20,70,50,53,33,22
C|4,56,76,28,44,66,50,80,72,23,30,72,40,38,61,10
C|4,52,76,20,53,73,50,72,80,16,30,61,36,56,28,10
C|4,46,73,20,48,70,63,76,80,20,26,72,46,27,75,10
C|3,73,80,24,53,40,53,72,66,20,53,56,36,20,60,8
C|3,70,73,20,53,53,60,64,73,16,53,44,40,40,70,0
C|3,66,76,16,60,40,60,76,73,20,26,66,6,36,76,6
C|3,60,83,30,56,66,26,69,56,43,20,63,12,76,12,6
C|3,60,73,16,46,63,66,72,70,13,36,56,38,27,69,6
C|3,60,73,14,60,43,56,71,70,23,26,62,0,41,63,11
C|3,56,73,12,50,60,66,68,76,13,43,56,44,19,61,10
C|3,56,70,12,50,63,66,60,73,10,46,48,41,25,63,3
C|3,56,70,12,43,63,70,68,66,13,43,56,44,22,66,13
C|3,56,66,16,56,50,73,66,83,16,30,56,22,30,66,5
C|3,56,66,16,46,63,66,72,70,13,40,56,38,25,69,10
C|3,53,76,25,60,63,36,69,70,30,26,61,24,60,12,6
C|3,53,60,8,53,60,76,60,80,10,40,48,47,25,72,3
C|3,52,63,10,50,72,44,56,56,36,52,46,16,61,11,0
C|3,50,72,23,43,61,38,76,63,33,52,50,16,46,20,4
C|3,46,63,14,46,53,66,71,70,20,23,62,2,36,72,11
C|3,43,60,16,40,70,73,64,70,13,26,72,44,25,72,13
C|3,43,60,16,40,60,70,70,70,20,16,70,25,30,72,13
C|20,76,76,16,76,53,36,70,76,26,33,56,20,73,10,0
C|13,73,83,19,66,50,23,66,70,40,30,55,24,68,8,3
C|10,76,76,12,63,36,63,64,80,13,63,44,23,36,50,4
C|10,76,73,12,63,36,66,68,80,13,60,48,33,33,60,4
C|10,73,83,27,66,50,23,66,70,40,30,55,20,68,8,3
C|10,73,80,19,66,53,23,63,70,33,26,58,20,70,6,2
C|10,73,80,19,66,53,23,63,70,33,26,55,20,70,6,2
C|10,73,73,16,66,33,60,80,83,20,53,48,36,33,66,4
C|10,70,83,22,66,53,23,66,70,43,30,61,20,72,8,3
C|10,70,80,19,66,53,23,63,70,33,26,55,20,70,6,2
C|0,63,80,12,48,70,53,68,80,16,40,60,46,41,52,13
C|0,53,70,16,43,66,66,72,70,13,36,60,38,27,69,10
C|0,53,70,12,50,63,55,60,73,22,55,43,32,40,40,0
C|0,53,70,12,50,63,55,60,73,22,52,43,32,40,40,0
C|0,52,76,20,53,73,50,72,80,16,30,61,36,56,28,10
C|0,52,75,20,56,55,47,60,60,36,58,46,16,43,20,0
C|0,48,80,36,52,68,48,73,80,16,16,66,46,36,53,25
C|0,48,80,30,56,66,40,69,70,36,30,66,24,64,20,13
C|0,46,73,12,36,72,52,66,66,33,44,56,24,53,36,0
C|0,46,63,14,46,56,70,71,70,23,10,62,11,27,77,14
C|0,46,63,14,46,56,70,71,70,20,10,62,11,27,77,14
C|0,44,80,33,53,76,43,72,60,33,23,63,20,64,12,13
C|0,40,66,20,44,73,66,80,76,20,20,72,46,33,69,16
B|8,71,22,0,50,78,92,61,69,95,64,19,0,42,45,0
B|6,80,37,13,40,77,91,76,70,85,54,36,22,47,71,2
B|6,62,25,6,40,82,100,73,66,80,51,30,33,61,80,2
B|5,74,20,0,47,73,95,52,66,97,54,25,0,45,45,0
B|46,73,80,60,70,76,63,60,80,86,70,40,40,40,66,4
B|43,76,80,56,73,86,60,56,76,86,73,36,37,58,70,5
B|43,66,80,56,73,83,63,60,80,86,76,44,41,62,70,5
B|43,66,80,56,73,83,60,60,76,86,73,40,41,62,70,5
B|43,66,60,48,66,83,76,60,76,86,63,40,50,56,76,8
B|3,74,28,0,41,78,92,72,58,92,61,30,0,34,54,0
B|36,80,73,56,60,76,66,66,76,83,66,40,41,50,75,12
B|36,76,80,64,66,76,63,68,76,83,70,48,36,43,63,8
B|36,76,70,46,56,70,70,63,73,83,60,46,36,46,73,6
B|36,73,80,63,56,70,63,63,73,83,73,43,41,50,70,4
B|36,73,66,46,63,76,76,60,80,83,63,40,36,46,76,6
B|36,70,76,63,56,76,63,63,70,83,73,46,37,54,75,8
B|36,66,66,46,56,76,76,63,73,83,63,50,33,50,76,6
B|36,66,63,46,56,76,73,63,73,83,63,50,33,50,73,6
B|36,63,80,60,66,86,60,60,76,80,70,44,46,53,66,8
B|36,63,73,48,70,86,70,56,80,86,63,40,46,53,70,8
B|33,73,80,60,63,73,63,72,70,83,63,56,33,50,70,8
B|33,73,56,34,66,83,86,65,76,86,63,42,33,47,72,7
B|3,30,69,36,76,94,63,66,53,72,86,70,20,76,33,4
B|3,25,61,40,76,94,63,66,60,77,77,60,16,61,27,6
B|30,70,76,53,56,76,63,60,70,83,66,50,33,50,70,13
B|30,66,66,46,66,83,76,56,76,83,63,43,46,56,76,3
B|28,50,66,60,76,90,70,64,80,73,66,60,50,61,61,13
B|2,68,22,0,45,71,95,52,69,92,59,23,0,42,48,0
B|2,68,22,0,45,71,95,52,69,90,59,21,0,42,48,0
B|26,73,66,31,70,63,73,68,83,90,63,34,16,43,73,2
B|26,73,63,53,60,80,73,73,70,83,66,46,40,40,76,10
B|26,73,60,40,60,70,73,73,66,83,63,50,46,53,73,10
B|26,60,63,46,60,83,76,60,73,76,56,50,46,56,76,10
B|26,53,66,52,63,86,70,60,66,73,66,56,41,55,61,10
B|23,63,60,37,53,80,80,65,70,83,50,45,40,53,76,11
B|23,63,60,37,53,76,80,65,70,83,50,45,40,53,76,11
B|23,56,63,48,66,90,73,64,73,80,63,44,50,52,63,6
B|23,56,63,48,66,90,73,64,70,76,63,44,50,52,63,6
B|2,27,66,33,69,94,63,60,58,72,83,56,26,66,40,4
B|20,77,51,26,50,77,80,56,76,91,60,20,23,48,65,0
B|20,53,70,56,76,90,76,72,68,66,66,60,40,61,61,16
B|20,40,66,60,73,86,63,66,66,88,77,56,28,43,33,8
B|16,44,25,11,52,83,86,69,77,97,58,44,40,53,70,3
B|13,60,37,30,40,82,91,60,70,85,57,30,25,54,71,2
B|13,26,53,55,80,90,73,72,80,73,80,75,28,56,40,16
B|12,36,66,60,73,91,63,73,66,75,75,56,28,53,40,8
B|12,36,63,60,73,88,63,70,66,75,75,56,28,50,40,8
B|11,65,22,0,50,73,95,55,71,92,64,16,0,45,40,0
B|10,80,42,13,43,74,91,73,70,88,54,30,13,47,66,2
B|10,62,34,13,41,85,92,61,69,85,66,25,16,40,54,0
B|0,8,47,16,66,100,97,63,72,69,63,53,50,61,66,6
B|0,27,66,36,73,97,63,66,60,69,86,70,16,69,30,3
B|0,27,66,33,69,94,63,60,58,66,80,56,26,66,33,4
B|0,25,72,26,66,100,66,66,60,63,86,70,16,80,27,3
B|0,25,69,26,66,97,66,56,58,66,77,56,19,72,27,6
B|0,22,72,26,66,100,63,66,60,63,86,70,16,80,27,3
A|6,33,56,56,76,76,86,33,40,90,93,3,0,8,55,5
A|50,80,80,65,60,83,70,25,0,63,96,0,0,0,45,0
A|46,80,80,56,63,71,77,10,0,68,68,0,0,3,42,0
A|46,62,80,53,70,71,77,10,3,80,65,0,0,10,42,0
A|46,62,71,53,73,68,77,13,3,82,65,0,0,8,40,0
A|45,77,80,50,62,74,77,13,2,82,62,0,0,10,35,0
A|43,80,77,63,53,77,77,13,0,65,77,0,0,7,35,0
A|40,80,80,60,63,74,80,10,3,68,71,0,0,3,42,0
A|40,68,65,50,62,71,80,16,5,80,65,0,0,14,42,0
A|36,65,65,46,70,77,82,20,10,80,68,0,0,11,45,0
A|36,65,65,46,66,71,80,20,10,80,68,0,0,11,42,0
A|34,71,62,46,62,74,80,20,5,80,65,0,0,14,45,0
A|33,77,77,60,66,71,80,23,3,65,80,0,0,7,39,0
A|33,74,68,63,66,80,80,23,0,74,82,0,0,7,46,0
A|33,60,68,53,76,65,77,16,6,82,71,0,0,8,42,0
A|33,60,63,57,73,76,83,34,13,83,93,5,0,8,58,0
A|33,51,62,53,73,82,85,20,6,82,74,0,0,11,45,0
A|30,56,60,57,76,76,83,40,16,83,93,5,0,6,56,0
A|26,71,74,60,66,71,82,23,3,68,80,0,0,7,42,0
A|26,65,68,60,63,82,80,23,0,74,82,0,0,7,46,0
A|26,63,76,65,73,86,73,31,6,80,100,8,0,0,46,5
A|26,63,70,60,83,76,76,37,13,76,96,2,0,12,62,0
A|23,54,62,50,73,80,82,16,13,82,74,0,0,11,42,0
A|20,56,66,57,80,76,80,40,13,76,93,2,0,10,60,2
A|13,46,60,56,76,80,80,30,33,86,93,3,0,10,66,6
A|13,36,63,66,63,80,76,40,26,90,90,20,0,6,56,10
A|13,36,56,56,76,80,83,30,36,90,93,3,0,8,58,5
A|10,46,60,57,76,80,76,40,20,83,93,8,0,5,55,4
A|0,6,43,60,43,96,96,36,76,80,80,24,2,30,63,30
A|0,6,33,51,50,96,93,45,63,90,73,14,0,25,66,16
A|0,6,33,51,50,93,93,45,63,90,73,14,0,25,66,16
A|0,3,53,52,36,90,96,32,80,83,73,20,5,30,63,26
A|0,3,43,52,33,90,96,32,76,83,73,28,16,36,73,36
A|0,3,40,64,43,96,93,40,73,83,76,28,2,30,63,30
A|0,3,36,50,43,96,100,33,70,76,76,6,5,33,69,19
A|0,3,33,50,58,88,91,30,50,80,91,11,0,6,50,10
A|0,3,30,51,47,91,88,40,47,83,86,19,0,3,40,14
A|0,13,36,51,53,96,93,45,56,90,76,14,0,22,66,16
A|0,0,56,0,0,55,91,0,53,86,72,50,48,76,63,40
A|0,0,50,16,0,60,100,8,68,80,76,20,53,66,83,56
A|0,0,46,8,0,52,94,6,56,86,77,43,48,70,63,44
A|0,0,43,32,4,56,100,20,64,90,70,40,36,63,72,56
A|0,0,40,40,4,53,100,24,68,86,66,32,36,63,75,56
A|0,0,40,40,3,66,100,24,66,86,73,32,30,63,72,50
A|0,0,40,36,4,56,100,28,64,90,63,48,33,69,69,56
A|0,0,40,32,4,56,100,28,64,83,66,44,36,63,69,53
A|0,0,40,32,0,56,100,20,56,90,63,44,40,69,72,60
A|0,0,33,50,44,88,88,33,58,86,86,16,0,3,46,16
A|0,0,33,50,44,88,88,33,58,86,86,16,0,3,43,16
A|0,0,33,24,0,43,100,20,56,90,66,28,50,83,83,66
A|0,0,30,40,4,50,100,32,60,83,66,32,40,66,75,60
A|0,0,30,24,0,50,100,20,63,94,72,56,32,60,66,48
A|0,0,30,24,0,40,100,20,48,90,66,36,50,80,83,66
A|0,0,26,50,38,83,94,41,52,88,86,27,0,3,50,23
A|0,0,26,48,23,63,100,44,70,86,66,28,19,47,75,46
A|0,0,20,56,12,64,100,63,80,88,56,56,30,56,66,66
A|0,0,20,36,3,53,96,47,73,93,63,61,36,60,64,56
