9|8,66,20,0,56,80,65,75,50,85,95,56,0,60,46,0
9|8,60,6,0,62,70,55,31,62,90,90,56,8,66,66,8
9|8,53,20,33,68,80,85,56,68,85,100,37,8,53,26,0
9|8,46,6,8,56,85,70,62,68,80,95,37,0,60,53,0
9|8,46,6,8,56,85,65,62,68,80,95,37,0,60,53,0
9|8,41,0,0,75,81,62,75,75,68,93,65,41,66,66,13
9|8,40,13,0,50,90,60,50,50,80,95,56,8,60,53,0
9|6,53,6,16,60,90,75,68,65,80,95,43,20,66,46,0
9|6,46,6,0,60,85,60,56,60,75,90,43,6,60,53,8
9|6,46,6,0,60,85,50,50,60,75,90,43,6,60,53,8
9|33,66,26,33,66,80,53,58,60,80,93,41,15,60,45,0
9|26,66,20,25,66,86,66,58,66,60,93,50,25,75,55,0
9|26,66,0,0,65,70,55,37,65,95,85,37,0,46,60,8
9|26,53,0,8,60,75,60,62,70,75,95,31,13,46,26,0
9|25,66,41,40,75,83,75,60,75,58,91,66,25,75,75,20
9|25,66,41,40,75,75,75,60,75,66,91,80,18,68,68,25
9|25,66,33,41,75,80,60,66,75,66,93,50,25,75,65,6
9|25,66,33,41,50,80,60,66,75,66,93,50,25,75,65,6
9|25,66,25,20,75,83,75,66,75,58,91,80,37,75,75,30
9|25,66,20,0,66,86,73,58,75,66,86,58,31,70,65,12
9|25,66,13,41,58,93,73,66,66,66,93,58,25,75,60,12
9|25,66,13,41,58,80,73,66,75,53,93,50,25,75,60,12
9|25,66,13,41,58,80,73,66,75,53,93,50,18,75,65,12
9|20,66,6,0,70,70,60,62,70,90,100,25,6,53,26,0
9|20,66,6,0,65,70,60,62,60,90,95,25,6,53,26,0
9|20,66,26,8,70,65,65,62,60,90,100,18,6,46,26,0
9|20,66,13,8,70,75,75,56,60,90,100,31,0,46,20,0
9|20,60,6,16,70,75,65,56,65,85,95,18,6,46,33,0
9|20,60,6,0,60,75,65,40,60,80,95,40,6,53,60,6
9|20,60,6,0,60,75,65,40,60,80,90,40,6,53,60,6
9|20,46,6,16,70,75,65,56,70,85,100,18,6,46,33,0
9|20,46,0,0,65,85,55,56,75,85,95,25,13,60,46,0
9|16,66,20,25,58,80,66,75,66,66,93,66,18,70,70,18
9|16,66,20,0,75,75,50,37,62,90,90,56,8,53,66,8
9|16,66,13,16,75,75,65,56,56,85,95,43,0,46,46,0
9|16,66,13,16,75,70,35,56,56,80,85,43,0,46,40,0
9|16,66,13,16,68,70,55,62,75,80,95,31,8,53,26,0
9|16,60,6,0,68,65,55,31,62,90,95,56,8,66,66,8
9|16,60,26,50,66,80,80,75,58,73,93,66,18,65,55,12
9|16,60,26,33,75,86,73,66,75,66,93,58,25,75,75,6
9|16,60,20,25,66,73,60,75,75,60,93,58,31,75,70,12
9|16,58,16,33,75,100,56,75,75,87,100,50,16,41,50,6
9|13,66,6,8,70,75,80,56,60,85,100,31,0,46,20,0
9|13,66,6,0,65,75,60,55,55,90,95,40,6,46,53,0
9|13,66,20,16,65,65,65,62,60,85,95,25,6,46,26,0
9|13,66,20,16,65,65,65,62,60,85,95,25,6,40,26,0
9|13,66,20,16,60,65,65,62,60,90,95,25,6,46,26,0
9|13,66,13,8,70,75,70,56,60,85,100,31,0,46,20,0
9|13,66,13,8,65,75,70,56,60,85,100,31,0,46,20,0
9|13,66,13,0,65,75,70,60,55,85,95,40,6,46,53,0
9|13,60,6,0,60,80,65,43,60,90,95,50,0,60,53,0
9|13,60,0,8,60,90,65,56,65,80,95,31,13,66,40,0
9|13,53,13,25,70,85,75,56,60,85,95,31,6,53,20,0
9|13,53,13,16,60,70,55,62,60,80,100,37,6,53,26,0
9|13,46,6,0,60,85,60,56,65,85,100,37,6,60,40,0
9|13,46,6,0,50,85,70,37,65,80,90,50,13,60,46,0
9|13,46,0,0,65,85,70,56,80,85,95,25,13,60,53,0
9|13,40,6,0,65,85,55,56,60,75,95,31,13,53,53,0
9|13,40,0,16,65,85,75,56,70,75,100,25,6,46,40,0
9|12,66,30,24,68,56,66,64,76,86,86,36,15,54,41,0
9|0,53,13,6,55,80,70,65,50,80,90,45,0,46,46,0
9|0,40,13,50,56,95,70,75,43,80,100,43,0,60,53,0
9|0,40,13,16,68,90,65,62,68,75,90,37,16,66,60,0
8|8,53,60,8,68,90,85,62,68,100,90,50,16,13,40,16
8|8,53,60,8,68,90,80,62,68,100,90,50,16,13,40,16
8|8,53,60,16,66,93,93,75,75,86,80,75,37,60,75,25
8|8,40,60,16,75,100,86,58,66,86,86,75,43,70,60,18
8|8,40,60,16,75,100,80,58,75,66,86,75,43,70,60,18
8|8,33,60,25,66,100,93,75,75,86,80,75,31,70,70,37
8|8,33,33,0,68,100,100,62,68,90,90,68,0,26,60,16
8|8,26,46,16,68,90,85,50,62,90,90,62,16,33,46,8
8|8,20,46,16,68,95,85,50,62,90,90,68,25,53,46,8
8|8,20,40,8,75,95,95,62,75,90,85,62,16,53,60,16
8|8,16,50,33,18,93,87,65,31,87,87,70,41,33,33,26
8|6,6,53,8,60,90,80,56,75,85,95,37,26,46,40,8
8|6,6,46,8,60,90,80,56,75,80,95,37,26,46,40,8
8|6,33,40,8,65,100,90,50,65,80,85,62,26,40,46,8
8|6,26,53,8,65,100,85,50,65,95,90,37,20,33,40,8
8|6,26,46,8,65,95,95,56,60,90,85,37,26,26,53,8
8|6,26,46,8,65,95,90,56,60,95,85,50,26,20,53,0
8|6,26,46,8,65,95,90,50,65,90,85,68,26,26,46,25
8|6,26,46,8,65,95,90,50,60,90,85,43,26,26,53,8
8|6,20,46,0,70,95,90,56,70,95,95,50,20,33,46,8
8|6,20,46,0,60,90,85,56,70,95,95,50,20,46,40,16
8|6,13,60,8,65,100,90,43,70,90,100,50,33,46,26,8
8|6,13,60,8,65,100,90,43,70,90,100,50,33,46,26,0
8|33,60,66,20,66,93,86,66,60,86,80,40,30,50,70,15
8|26,53,40,8,65,95,90,50,60,90,85,43,6,26,60,8
8|26,46,60,8,66,100,93,58,73,93,80,58,30,55,65,25
8|26,26,53,0,70,90,90,50,70,95,90,43,13,26,40,8
8|25,53,66,8,75,93,86,66,75,80,86,50,50,55,70,12
8|25,53,66,25,75,93,86,66,75,86,80,75,31,65,70,31
8|25,53,46,16,75,90,90,68,62,100,90,62,0,13,60,0
8|25,25,58,26,75,100,100,66,58,75,75,80,56,68,75,35
8|20,40,33,8,60,90,95,50,75,100,85,37,13,26,60,8
8|20,26,53,0,70,95,90,56,65,95,90,50,13,26,40,8
8|16,53,66,8,75,93,86,66,75,93,86,58,50,55,70,18
8|16,53,66,8,75,93,86,66,75,86,86,58,50,55,70,18
8|16,53,66,8,66,93,86,66,75,86,86,58,43,55,70,18
8|16,53,60,16,75,100,93,75,75,100,80,66,37,60,75,25
8|16,40,40,8,68,90,90,75,68,90,90,62,16,26,46,16
8|16,33,60,25,75,100,100,58,75,80,80,75,43,70,75,25
8|16,33,60,25,75,100,100,58,75,80,73,75,43,70,75,25
8|16,33,60,25,66,100,93,66,58,86,80,75,18,70,70,37
8|16,33,33,13,75,100,93,75,75,81,93,70,33,41,50,26
8|16,33,33,13,75,100,93,75,75,81,93,70,33,41,41,26
8|16,26,40,8,75,95,95,62,75,95,80,62,16,46,60,16
8|13,40,60,16,66,100,93,50,73,86,86,58,35,70,75,25
8|13,40,53,8,75,85,90,56,70,95,90,43,6,20,60,8
8|13,40,53,8,75,85,90,56,70,95,90,43,6,20,53,8
8|13,33,53,16,65,95,85,56,60,90,95,56,20,26,33,8
8|13,33,53,16,65,95,80,56,65,90,95,50,20,26,33,8
8|13,33,53,16,65,100,80,56,65,95,95,50,20,26,33,8
8|13,33,40,0,75,95,95,56,70,90,95,50,13,46,53,8
8|13,33,26,0,75,90,95,56,70,95,85,43,6,20,60,8
8|13,33,20,0,75,85,95,56,70,95,85,43,6,26,60,8
8|13,26,53,16,65,95,80,56,65,90,95,43,20,26,40,8
8|13,26,53,16,65,95,80,56,65,85,95,50,20,26,40,8
8|13,26,53,16,60,95,80,56,65,95,95,50,20,40,33,8
8|13,26,53,0,60,100,80,50,80,90,100,37,26,46,26,0
8|13,26,46,16,65,100,85,56,65,90,95,50,20,26,33,8
8|0,33,60,8,68,100,90,56,75,95,90,62,25,60,33,8
8|0,33,60,25,75,100,100,58,75,80,73,75,43,70,75,25
8|0,33,60,25,50,100,93,75,66,93,80,75,31,70,70,37
8|0,26,60,8,68,100,95,56,75,85,95,62,25,60,33,8
8|0,26,60,8,68,100,90,56,75,85,90,62,25,60,33,8
8|0,20,66,0,65,100,70,50,75,90,100,31,40,46,26,0
8|0,13,40,8,75,95,95,62,75,95,85,62,16,53,60,16
8|0,0,40,0,60,100,95,50,70,90,90,56,33,60,66,16
8|0,0,40,0,60,100,100,50,70,90,100,56,33,60,66,16
7|6,40,0,0,33,53,0,0,66,60,46,16,45,75,70,43
7|6,40,0,0,33,53,0,0,66,60,40,16,45,75,65,43
7|6,40,0,0,20,53,0,0,46,60,53,53,45,75,65,45
7|6,33,0,0,33,46,0,0,53,73,93,60,45,75,50,20
7|50,13,20,16,75,33,93,66,75,100,46,0,41,60,0,0
7|50,13,20,16,75,33,93,66,75,100,46,0,41,53,0,0
7|50,13,13,16,75,33,86,66,75,100,46,0,43,45,0,0
7|50,13,0,0,75,13,40,66,75,80,100,25,37,60,5,0
7|46,0,6,25,73,20,93,58,60,93,66,0,35,45,0,0
7|46,0,6,25,73,20,93,58,60,93,66,0,30,45,0,0
7|46,0,20,50,60,20,86,41,60,93,60,0,25,50,0,0
7|41,13,13,33,56,45,85,37,37,100,30,0,0,33,0,0
7|40,20,0,0,66,26,26,50,80,73,100,50,45,70,10,0
7|40,0,20,33,66,33,93,58,66,93,60,0,35,50,0,0
7|33,6,6,8,75,20,80,56,70,90,40,0,40,26,0,0
7|33,6,6,25,65,30,85,43,60,95,45,0,20,20,0,0
7|33,6,13,25,66,26,80,50,73,86,80,8,45,55,5,0
7|33,26,0,0,46,20,6,16,66,66,93,58,55,70,35,6
7|33,13,13,16,58,53,80,66,75,100,53,0,33,33,0,0
7|33,0,20,41,66,6,93,41,60,93,60,0,35,60,5,0
7|33,0,0,0,66,13,60,58,73,80,93,16,55,60,10,0
7|26,6,0,0,60,30,70,43,65,95,65,0,40,33,0,0
7|26,33,0,0,60,26,0,0,80,60,66,41,35,55,55,18
7|26,26,0,0,53,33,0,0,73,53,93,66,55,70,45,20
7|26,26,0,0,53,33,0,0,73,53,93,66,50,70,45,20
7|26,26,0,0,53,26,0,0,80,60,86,58,60,65,40,12
7|26,26,0,0,46,40,0,25,60,66,93,75,55,65,25,0
7|26,26,0,0,46,26,46,66,66,100,80,41,33,13,0,0
7|26,20,0,0,46,26,13,41,53,73,100,58,45,35,10,0
7|26,20,0,0,40,25,30,40,60,95,90,30,33,40,0,0
7|26,13,0,16,60,46,80,75,60,100,73,8,46,33,0,0
7|20,33,0,0,46,40,26,33,53,86,100,66,50,65,20,6
7|20,33,0,0,45,40,20,30,60,90,90,45,26,33,6,0
7|20,26,0,0,53,40,0,0,66,73,66,75,53,60,33,16
7|20,26,0,0,46,40,0,0,60,66,66,75,60,70,50,18
7|20,26,0,0,46,40,0,0,60,66,66,75,60,70,50,12
7|20,20,0,0,46,46,0,0,53,66,66,75,55,70,50,18
7|13,33,0,0,40,33,0,20,66,80,100,66,55,60,45,10
7|13,20,0,0,46,20,26,25,66,93,100,58,50,55,20,0
6|8,60,66,0,58,100,86,50,75,93,60,58,25,30,75,25
6|8,58,66,33,66,100,58,73,75,75,66,80,56,18,68,25
6|8,53,66,8,50,100,80,58,75,86,66,66,56,40,75,25
6|8,50,66,26,66,100,83,80,75,66,58,80,56,31,75,45
6|8,50,66,20,66,100,100,80,75,66,58,80,56,31,75,45
6|8,46,66,16,58,100,80,50,75,86,66,58,56,40,75,6
6|8,46,60,16,66,100,80,50,75,80,66,58,56,30,70,6
6|8,41,66,40,66,100,83,60,75,75,66,73,37,25,75,30
6|8,41,66,33,66,100,83,66,75,83,66,66,37,18,75,35
6|6,60,60,0,53,100,86,58,66,60,66,50,15,35,70,12
6|6,53,66,8,40,100,85,75,60,60,85,75,0,6,60,0
6|6,53,60,16,40,100,75,68,65,70,85,68,6,0,40,8
6|6,46,53,8,50,95,75,50,75,75,85,37,33,6,46,8
6|6,46,53,0,50,100,75,50,75,75,85,37,33,6,46,8
6|6,40,53,0,50,95,80,50,75,70,90,37,6,6,46,0
6|6,33,53,25,45,95,90,56,65,75,85,37,26,20,46,16
6|20,60,26,0,60,85,75,43,60,80,80,37,0,26,53,8
6|13,66,33,0,70,90,85,50,60,75,75,43,0,13,66,0
6|13,53,60,0,55,95,80,56,60,70,85,43,0,20,60,0
6|13,53,60,0,50,95,80,56,65,65,80,43,0,20,60,0
6|0,60,66,8,50,100,80,66,75,73,66,50,50,35,70,31
6|0,60,66,8,50,100,80,66,75,73,66,50,50,30,70,31
6|0,60,66,8,50,100,80,66,75,60,66,50,50,35,70,31
6|0,60,66,0,58,100,86,66,75,80,60,50,37,40,75,31
6|0,60,66,0,58,100,86,66,75,80,60,50,37,40,75,18
6|0,53,66,8,50,100,80,58,75,66,66,66,37,30,70,31
6|0,53,66,8,43,95,70,62,75,75,90,50,41,20,33,8
6|0,53,66,8,41,100,86,66,50,73,66,50,43,50,75,31
6|0,53,66,6,40,95,85,65,60,60,85,60,0,6,66,6
6|0,53,66,16,41,100,86,75,58,60,53,75,25,25,75,25
6|0,53,60,8,35,95,90,50,65,60,75,62,13,6,46,8
6|0,50,66,46,58,100,75,80,75,75,58,73,50,37,75,45
6|0,46,66,8,50,100,93,58,75,80,60,66,56,30,70,25
6|0,46,66,8,50,100,80,58,75,80,66,50,56,35,75,31
6|0,46,66,16,66,100,80,58,75,93,66,50,56,45,75,6
6|0,46,66,16,66,100,80,58,75,80,66,58,56,45,75,6
6|0,46,66,16,66,100,80,58,75,80,66,58,56,30,75,6
6|0,46,60,8,35,95,80,50,65,55,85,62,13,6,53,8
6|0,46,53,8,35,100,80,62,65,70,85,37,13,6,46,8
6|0,40,66,8,50,100,75,56,75,85,80,50,41,20,40,8
6|0,40,60,8,50,100,93,58,58,80,53,75,50,40,75,18
6|0,40,53,8,50,100,93,50,66,66,60,66,56,40,70,25
6|0,40,53,8,35,100,80,62,65,85,85,37,13,0,46,8
6|0,40,53,8,35,100,75,50,65,85,90,37,33,20,46,8
6|0,33,66,26,58,100,41,66,75,100,66,73,50,25,75,20
6|0,33,60,8,31,100,80,56,68,70,85,68,41,20,46,8
6|0,33,60,8,25,100,80,56,68,70,85,68,41,13,46,8
6|0,33,60,16,37,100,80,50,56,70,75,62,41,26,40,8
6|0,33,60,16,37,100,80,50,56,70,75,56,41,20,33,8
6|0,33,53,8,56,100,80,50,68,65,80,37,33,13,40,8
6|0,33,53,8,50,100,80,50,68,55,80,43,33,13,40,8
6|0,33,33,0,40,100,85,37,60,75,80,50,33,20,53,8
6|0,26,60,8,43,100,80,50,62,60,85,37,41,20,40,8
6|0,26,46,8,37,100,75,62,75,70,75,37,33,20,60,8
6|0,26,40,0,50,100,85,56,75,80,80,43,41,26,60,8
6|0,26,33,0,37,100,85,56,62,80,80,43,41,26,60,8
5|6,40,20,33,60,100,33,58,66,60,73,58,45,20,60,6
5|6,40,20,33,53,100,33,58,80,60,73,58,45,20,60,6
5|6,33,6,33,66,100,46,66,60,73,80,66,45,30,70,18
5|50,66,33,40,75,91,50,60,66,33,83,80,0,8,66,33
5|50,66,33,40,75,83,50,60,75,50,83,80,25,8,66,33
5|50,66,26,41,75,93,40,75,75,73,93,58,25,26,66,8
5|50,66,26,41,75,93,40,75,75,73,86,58,50,20,66,8
5|50,66,26,41,75,93,40,75,75,73,86,58,25,26,66,8
5|50,66,20,41,75,93,40,75,75,66,80,58,25,20,55,6
5|50,46,26,33,75,86,40,66,75,60,73,58,18,15,65,6
5|50,46,20,8,75,86,40,66,75,60,73,66,18,15,65,12
5|46,60,6,33,80,86,46,66,73,73,86,41,25,20,65,6
5|46,60,13,33,80,86,46,66,73,73,86,41,25,20,65,6
5|41,66,40,50,75,93,40,75,58,66,86,75,25,20,66,16
5|40,60,26,33,80,93,40,58,66,66,86,50,26,26,60,8
5|40,40,20,33,80,93,40,58,80,60,73,50,20,25,65,12
5|33,66,26,50,50,100,46,75,75,100,86,66,18,15,60,12
5|33,60,26,33,73,93,46,58,66,53,93,41,26,26,66,16
5|33,60,20,33,73,93,46,66,73,60,93,41,10,15,55,6
5|33,40,20,33,80,93,40,58,80,60,80,50,20,25,65,12
5|33,40,20,33,80,100,40,58,73,80,80,50,15,30,70,18
5|26,60,20,16,80,93,46,66,73,60,73,41,25,35,70,12
5|26,60,13,16,60,86,46,58,66,60,93,41,40,26,53,8
5|26,46,26,33,73,86,40,58,66,73,86,41,40,26,60,8
5|26,46,20,33,80,93,33,58,73,73,80,50,45,20,60,6
5|26,40,20,33,80,100,40,58,60,60,80,50,30,30,70,18
5|25,60,26,41,75,93,46,75,75,73,80,50,31,25,55,12
5|25,60,20,50,75,100,33,66,75,80,93,50,41,26,66,25
5|25,46,6,41,75,93,40,58,75,66,93,50,50,33,66,16
5|25,40,20,33,75,100,40,58,75,60,73,66,37,20,75,6
5|25,40,13,41,75,100,46,75,75,73,86,58,43,20,55,18
5|25,40,13,25,75,100,46,50,75,73,86,58,43,20,50,12
5|25,33,6,33,75,100,26,66,75,66,80,58,43,25,75,18
5|25,33,20,41,75,86,40,75,75,60,80,66,37,25,65,18
5|25,33,20,33,75,100,40,58,75,60,80,66,50,25,75,12
5|25,33,13,41,75,93,40,75,75,66,80,58,50,33,66,25
5|25,33,13,33,75,100,33,75,75,66,80,58,43,25,75,18
5|25,33,13,33,75,100,33,66,75,73,73,58,43,35,75,12
5|25,13,20,33,75,100,46,58,58,60,73,66,56,30,75,18
5|25,13,20,33,75,100,40,58,58,80,73,66,56,30,75,12
5|20,53,33,33,80,86,33,58,73,66,93,41,46,26,66,16
5|20,53,26,41,66,100,53,58,60,53,86,58,30,20,60,12
5|20,46,33,33,80,93,33,58,66,66,86,50,35,20,55,12
5|20,46,33,33,80,86,33,58,66,66,86,50,35,20,55,12
5|20,46,20,41,80,100,33,58,73,73,80,58,45,30,65,12
5|20,46,20,41,66,100,46,66,66,86,73,58,30,25,60,12
5|20,40,6,0,55,90,45,75,60,50,90,55,0,6,53,6
5|20,40,6,0,55,85,45,75,55,45,90,55,0,6,53,6
5|20,40,33,33,80,93,33,66,66,66,93,50,35,20,55,12
5|20,33,6,33,66,100,46,66,60,73,73,66,45,20,70,18
5|20,33,20,41,66,100,33,58,66,73,60,75,25,30,75,12
5|20,26,20,33,73,93,40,58,60,60,73,50,30,35,70,25
5|20,26,20,25,80,100,40,58,66,73,86,50,30,25,50,18
5|16,53,26,0,66,100,46,58,50,73,100,75,16,26,33,16
5|16,40,13,41,75,100,46,75,66,66,73,58,43,35,55,18
5|16,26,13,33,75,93,26,58,75,73,66,50,37,35,75,25
5|13,40,13,16,60,100,46,58,73,80,66,50,35,30,70,6
5|0,33,26,33,66,100,40,75,66,80,100,50,30,30,45,12
4|8,53,46,25,50,100,90,50,0,35,100,25,0,13,66,16
4|8,33,41,16,75,100,87,62,6,62,100,43,0,16,66,33
4|6,37,43,35,62,100,81,70,0,31,100,65,0,16,58,33
4|33,50,66,40,56,100,81,50,0,43,100,65,0,0,41,13
4|25,66,66,33,58,100,93,50,0,73,100,8,0,10,70,25
4|25,66,66,33,58,100,100,50,0,73,100,8,0,10,75,25
4|25,62,75,60,37,87,93,60,0,31,100,70,0,0,41,0
4|25,60,66,33,62,100,95,31,0,50,100,18,0,13,46,8
4|25,50,41,16,62,100,87,62,6,68,100,50,0,25,58,33
4|25,46,66,33,56,100,95,31,0,50,100,18,0,13,46,8
4|25,46,60,33,62,95,95,31,0,50,100,18,0,13,46,8
4|25,46,60,33,62,95,95,31,0,45,100,18,0,13,46,8
4|25,41,41,25,75,100,81,62,6,68,100,50,0,16,66,33
4|25,41,41,16,62,100,87,62,6,68,100,43,0,25,58,33
4|16,60,66,33,56,100,95,50,6,40,100,31,0,6,46,8
4|16,46,53,33,68,95,95,31,0,55,100,25,0,13,53,16
4|16,41,66,53,50,100,93,65,0,37,87,70,0,0,50,20
4|16,41,50,20,62,100,93,70,0,43,100,50,0,16,66,40
4|16,25,41,40,68,100,100,45,12,68,100,40,0,16,58,26
4|12,31,43,35,62,100,81,70,0,31,100,65,0,16,58,33
4|0,8,66,0,6,81,93,10,68,100,100,75,50,33,41,33
4|0,8,66,0,6,81,100,30,68,100,93,70,50,41,50,26
4|0,8,58,13,25,75,83,26,75,100,83,66,31,50,68,50
4|0,8,50,26,56,87,93,40,43,87,100,75,0,0,41,33
4|0,8,50,0,6,87,93,20,75,100,100,70,41,41,50,20
4|0,8,50,0,6,81,93,20,75,100,100,75,41,41,33,20
4|0,8,50,0,12,87,93,25,75,100,100,70,41,41,41,13
4|0,8,50,0,12,87,87,20,75,100,100,70,33,41,41,20
4|0,50,66,46,56,100,93,70,6,43,93,70,0,0,58,26
4|0,50,66,46,56,100,93,70,6,43,93,70,0,0,58,20
4|0,40,46,25,50,100,90,50,0,40,100,25,0,13,66,16
4|0,40,30,0,10,95,80,31,70,95,95,31,46,33,46,0
4|0,30,45,0,20,85,80,18,65,100,100,37,26,13,20,0
4|0,30,40,0,20,90,80,18,65,100,100,37,26,6,20,0
4|0,30,35,0,6,80,85,31,56,100,100,50,33,53,20,8
4|0,26,40,0,6,85,70,37,43,100,100,50,33,66,26,8
4|0,25,41,40,66,100,91,60,50,100,91,53,0,0,62,55
4|0,20,53,0,6,85,75,18,62,100,100,62,25,0,33,8
4|0,20,53,0,18,85,85,18,68,95,100,62,25,0,33,0
4|0,20,53,0,18,85,80,18,68,95,100,62,25,0,33,0
4|0,20,53,0,12,85,80,18,68,95,100,62,25,0,33,0
4|0,20,45,0,12,80,85,18,56,100,100,56,16,40,20,0
4|0,20,40,0,6,85,80,0,56,95,100,56,33,53,53,0
4|0,20,40,0,0,85,70,37,56,100,100,43,33,53,33,8
4|0,20,40,0,0,85,70,37,56,100,100,37,33,53,33,8
4|0,20,13,0,6,85,70,0,75,95,100,56,50,46,60,0
4|0,16,66,0,18,93,93,25,75,93,100,70,50,33,33,26
4|0,16,50,0,12,93,75,40,68,93,100,60,50,66,25,33
4|0,15,65,0,30,90,95,0,60,100,100,56,0,0,46,0
4|0,15,65,0,30,90,100,0,60,100,100,56,0,0,26,0
4|0,15,65,0,25,90,100,0,60,95,100,56,0,0,26,0
4|0,15,55,0,15,90,95,6,60,100,100,56,0,0,46,0
4|0,15,55,0,15,90,95,0,60,100,100,56,0,0,46,0
4|0,13,46,0,15,85,80,0,60,95,100,56,33,33,60,0
4|0,13,46,0,12,85,80,0,75,95,100,56,33,33,53,0
4|0,13,40,0,12,75,85,0,68,95,100,56,33,40,53,0
4|0,12,75,0,12,81,87,40,68,100,100,60,50,50,25,33
3|50,6,0,33,75,60,53,75,75,93,80,50,18,40,75,12
3|50,33,6,33,75,66,53,75,75,93,73,58,18,40,65,12
3|50,25,16,40,75,50,50,60,75,100,83,80,16,33,66,33
3|50,20,33,50,75,60,53,75,50,100,86,66,8,13,66,8
3|50,13,6,41,75,53,46,75,75,100,86,58,12,35,55,12
3|50,13,13,25,75,60,40,75,58,100,80,66,12,35,70,12
3|50,13,13,16,75,60,40,58,58,100,80,58,12,35,70,12
3|46,13,26,33,80,60,40,58,60,100,86,50,26,46,60,8
3|41,20,20,50,75,60,40,75,50,100,86,75,16,46,66,8
3|41,20,20,50,75,60,40,75,50,100,86,75,16,40,66,16
3|40,13,6,16,66,26,33,66,60,93,66,50,20,55,75,12
3|40,13,13,40,73,53,40,80,60,93,80,60,20,60,66,20
3|40,13,13,33,80,46,33,58,80,100,86,50,10,60,65,12
3|40,13,13,25,80,60,46,58,73,93,86,50,10,45,70,18
3|40,13,13,25,80,60,46,58,73,93,86,50,10,45,70,12
3|40,13,0,33,80,60,46,58,73,93,86,50,10,45,75,31
3|33,6,13,33,75,53,33,66,66,86,80,58,25,50,75,18
3|33,6,13,25,66,66,46,58,80,100,80,33,10,35,65,6
3|33,20,13,33,66,60,60,66,60,100,80,41,10,35,60,6
3|33,20,13,33,66,60,53,75,60,93,86,50,10,45,65,12
3|33,20,13,33,66,53,60,66,60,100,80,41,10,35,60,6
3|33,13,6,33,66,60,46,66,60,100,80,41,10,35,60,6
3|33,13,20,25,66,66,53,58,75,93,86,58,31,35,70,18
3|33,13,13,33,80,60,60,58,73,93,80,50,20,60,70,25
3|33,13,13,33,80,60,53,58,73,93,86,50,15,50,70,18
3|33,13,13,33,80,60,53,58,73,93,86,50,15,50,65,18
3|26,6,6,33,66,60,40,58,73,93,73,41,20,45,70,12
3|26,6,26,33,80,60,53,66,60,100,73,41,33,33,60,16
3|26,20,20,33,73,66,40,66,60,93,86,50,25,45,60,12
3|26,13,6,40,66,60,46,66,53,100,86,46,5,20,50,10
3|25,6,13,41,75,60,40,75,75,93,80,58,18,50,65,18
3|25,6,13,33,75,66,46,58,75,86,73,66,37,60,75,12
3|25,6,13,33,75,66,46,58,75,86,73,66,25,60,75,12
3|25,6,13,33,75,60,46,58,75,80,73,66,31,70,75,18
3|20,6,26,33,80,60,40,66,73,86,86,50,30,55,55,18
3|20,6,26,33,80,60,40,66,73,86,86,50,25,55,55,18
3|20,6,26,33,80,46,33,58,73,93,86,50,30,55,55,18
3|20,6,13,50,66,46,40,75,66,93,86,66,20,55,65,18
3|20,0,20,41,70,65,40,62,55,95,85,62,6,6,40,0
3|20,0,20,41,66,60,40,58,66,86,60,75,30,50,75,12
3|20,0,20,16,66,20,26,58,80,93,73,50,35,55,70,25
3|20,0,13,33,66,33,53,58,73,80,86,33,35,70,60,12
3|16,6,13,41,75,40,40,58,75,93,73,50,31,50,75,25
3|16,6,13,33,75,66,46,58,75,86,73,66,25,60,75,12
3|16,6,0,50,75,66,33,66,66,100,100,50,16,40,66,25
3|13,6,26,33,73,53,46,66,66,86,86,50,30,55,55,18
3|13,6,20,33,73,53,53,75,66,93,86,50,20,45,60,12
3|13,0,13,16,73,66,40,58,73,80,73,50,35,65,70,12
3|13,0,13,16,73,66,40,58,66,80,73,50,35,65,70,12
3|0,0,26,33,60,40,46,58,66,73,86,58,40,70,65,18
3|0,0,26,33,60,33,46,58,73,73,86,58,40,70,55,12
3|0,0,26,33,60,33,46,50,73,80,86,58,40,60,55,12
3|0,0,26,33,60,33,46,50,73,80,86,50,40,60,55,12
2|8,0,26,33,58,20,73,66,75,66,93,75,31,70,30,50
2|8,0,13,33,66,13,80,58,75,66,93,66,37,70,30,50
2|6,6,20,33,66,13,80,50,60,53,80,58,30,70,30,50
2|50,8,25,46,75,25,75,80,75,83,91,80,31,37,6,55
2|46,6,26,33,73,26,100,58,60,100,86,50,10,15,40,18
2|46,0,26,33,73,26,100,58,60,93,73,41,10,15,40,18
2|41,6,20,50,75,26,86,75,58,93,86,75,25,66,13,50
2|41,33,8,46,75,25,75,80,75,91,91,80,12,43,12,55
2|41,25,8,53,75,33,75,80,75,83,91,66,18,50,12,45
2|41,25,8,53,75,25,75,80,75,83,91,66,18,50,12,60
2|41,16,8,53,75,25,75,80,75,83,91,66,18,50,12,60
2|41,13,20,50,75,26,86,75,58,93,86,75,25,66,13,50
2|41,13,20,33,75,20,86,66,75,80,86,66,25,45,25,25
2|33,6,20,33,65,35,95,65,35,70,65,45,0,0,26,26
2|33,25,0,46,75,33,50,80,75,83,100,73,25,66,25,40
2|33,20,26,41,75,33,86,66,66,93,93,58,25,40,20,43
2|33,20,26,41,75,33,86,66,66,73,93,66,25,40,20,50
2|33,20,20,41,75,33,86,66,66,66,100,66,25,55,25,50
2|33,20,20,41,75,33,86,66,66,66,100,66,12,55,25,50
2|33,13,33,25,75,26,93,58,66,93,86,66,33,46,20,41
2|33,13,26,41,66,40,80,66,75,86,93,58,18,50,30,43
2|33,13,26,33,80,33,93,58,80,80,86,58,20,45,25,37
2|26,6,33,33,73,26,93,50,66,73,93,50,25,45,20,43
2|26,20,26,41,66,40,86,66,60,93,93,50,15,45,25,43
2|26,13,6,16,70,25,85,56,70,95,75,25,6,6,40,0
2|26,13,6,16,70,25,85,56,65,95,80,50,6,20,33,16
2|26,13,40,25,66,13,93,58,66,86,93,58,26,60,26,33
2|26,13,33,33,70,30,90,56,55,90,70,50,0,6,13,16
2|26,13,26,33,66,26,86,58,66,80,86,58,20,50,40,43
2|26,0,33,33,73,20,93,50,66,86,93,50,33,66,13,41
2|25,20,20,50,75,33,80,75,58,80,93,75,18,50,25,56
2|25,20,20,41,75,33,86,66,66,66,100,66,25,55,25,50
2|25,0,8,40,75,25,58,80,75,75,100,73,37,62,18,40
2|20,6,26,25,75,20,85,50,70,85,75,56,6,26,20,16
2|20,13,26,33,66,20,80,58,66,80,93,58,25,55,35,50
2|20,0,33,25,80,13,93,50,73,80,93,50,25,55,15,43
2|20,0,33,25,80,13,93,50,73,73,93,50,25,55,15,43
2|20,0,33,25,73,13,86,50,73,80,93,50,25,55,20,50
2|16,6,20,50,58,40,73,75,66,73,86,75,25,65,25,50
2|16,6,20,50,58,33,80,75,75,73,93,75,25,70,15,56
2|16,6,20,50,58,33,73,75,66,80,86,75,12,70,25,50
2|16,6,20,33,75,33,80,58,75,66,93,75,31,70,20,50
2|16,6,20,33,75,20,80,58,75,66,93,75,31,70,20,56
2|16,6,13,33,58,40,73,58,66,73,86,58,25,70,25,43
2|16,13,20,50,66,33,80,75,75,73,93,75,25,70,30,56
2|16,13,20,50,66,33,80,75,75,73,93,75,18,65,30,56
2|13,6,20,16,60,20,93,58,73,73,93,50,35,60,25,31
2|13,13,26,25,66,20,80,66,60,80,100,66,25,65,25,50
2|13,0,26,25,66,0,86,58,80,66,93,50,30,60,30,31
2|0,20,16,56,60,53,73,64,76,60,60,60,36,70,13,24
2|0,0,33,33,75,20,86,50,75,60,100,58,50,75,25,56
2|0,0,33,33,66,20,80,50,75,66,93,66,50,70,30,56
2|0,0,33,33,56,10,80,56,68,85,65,75,16,60,6,8
2|0,0,26,25,66,13,86,50,80,66,86,58,40,75,15,50
2|0,0,26,25,56,30,75,62,68,80,80,68,25,53,6,50
2|0,0,26,16,60,10,80,50,70,75,85,56,26,53,20,41
2|0,0,26,16,55,0,90,43,65,80,80,56,33,53,26,33
Z|5,45,8,25,28,68,91,65,62,85,51,31,11,2,42,4
Z|50,6,26,33,75,70,100,62,75,65,45,50,0,0,20,25
Z|50,6,13,50,66,40,93,75,66,100,73,75,50,50,0,56
Z|50,16,8,53,75,50,91,80,75,100,66,60,56,43,0,45
Z|50,16,16,53,75,50,91,80,75,100,58,60,56,31,0,45
Z|50,16,16,53,75,41,91,80,75,100,58,60,56,25,0,45
Z|50,13,40,41,50,60,93,75,50,100,60,75,37,45,15,50
Z|50,13,40,41,50,60,100,75,50,100,60,75,37,45,15,43
Z|50,13,33,50,75,46,100,75,75,100,66,75,56,40,15,56
Z|50,13,33,50,75,40,100,75,75,93,66,75,56,45,15,56
Z|50,13,26,33,75,40,100,58,75,93,73,75,56,45,10,43
Z|50,13,20,50,75,40,93,66,75,100,66,75,56,40,15,50
Z|50,13,20,41,75,55,95,75,75,80,40,68,25,13,13,41
Z|50,13,13,50,68,55,95,75,68,80,35,75,16,13,13,25
Z|46,0,26,33,75,50,100,50,70,80,45,56,20,6,20,16
Z|41,13,26,33,66,40,100,66,75,93,73,75,56,55,5,12
Z|41,13,26,25,75,50,95,68,75,95,35,62,25,0,13,41
Z|41,13,20,25,75,50,90,62,75,85,45,56,25,6,20,41
Z|40,13,40,41,73,66,100,58,60,100,53,66,40,25,10,25
Z|40,13,33,33,75,50,95,56,60,85,50,50,20,0,6,33
Z|40,13,33,33,70,45,95,56,60,85,45,50,20,13,6,33
Z|40,13,20,33,60,55,100,56,80,70,55,37,13,0,33,16
Z|40,0,33,25,75,55,100,56,80,75,50,50,26,0,26,16
Z|40,0,33,25,75,50,100,62,75,85,50,56,33,6,20,16
Z|40,0,33,25,70,50,95,56,75,80,40,31,26,6,0,0
Z|40,0,26,33,75,50,100,50,70,80,45,56,20,6,20,16
Z|40,0,26,33,65,40,90,68,65,90,50,56,46,13,20,25
Z|40,0,26,16,60,40,90,68,65,85,50,56,46,13,20,25
Z|37,5,40,25,75,45,90,75,68,95,35,75,33,20,6,25
Z|33,6,33,33,75,55,95,56,65,85,40,62,20,6,6,25
Z|33,6,13,33,60,45,95,56,70,80,50,56,33,6,6,8
Z|33,26,20,50,50,60,93,75,58,100,60,75,50,50,0,56
Z|33,13,20,33,75,60,100,56,80,75,55,37,6,0,33,16
Z|33,0,20,25,65,60,95,50,70,80,50,56,33,0,26,33
Z|33,0,20,25,65,30,95,50,65,95,55,56,40,6,26,33
Z|30,30,10,30,55,70,100,70,60,60,35,60,0,0,20,13
Z|30,0,50,18,75,35,100,50,75,80,40,56,33,13,0,0
Z|30,0,50,12,75,50,100,50,75,80,40,56,40,13,0,0
Z|26,13,33,46,53,66,100,60,66,100,40,40,20,10,25,35
Z|26,0,26,33,80,45,90,56,70,80,45,50,40,6,20,33
Z|26,0,26,33,80,40,90,56,70,80,50,50,40,6,20,33
Z|26,0,26,16,75,35,95,50,70,90,50,56,40,13,6,16
Z|26,0,26,16,75,35,90,50,70,90,50,56,40,13,6,16
Z|26,0,26,16,75,15,95,50,70,90,50,56,40,20,6,16
Z|26,0,20,25,70,45,95,62,65,90,60,62,33,20,13,16
Z|26,0,13,25,60,35,85,68,65,95,70,68,33,20,13,41
Z|25,6,33,50,75,40,93,75,75,93,66,75,37,50,15,56
Z|25,6,26,25,75,33,100,58,66,86,73,75,56,65,10,50
Z|25,6,20,25,75,35,85,68,75,100,55,75,50,20,13,41
Z|25,6,20,25,56,50,95,75,68,85,40,75,50,20,13,33
Z|25,6,13,33,75,26,86,75,66,100,80,75,50,50,10,56
Z|25,6,13,25,75,35,85,56,75,90,55,56,50,20,20,41
Z|25,6,13,25,75,25,85,56,75,85,50,62,50,26,20,41
Z|25,10,25,37,75,60,95,75,68,90,30,75,16,20,6,16
Z|25,0,35,31,75,45,100,50,65,85,35,68,20,6,6,16
Z|25,0,30,31,75,40,90,56,70,75,45,62,40,13,6,33
Z|25,0,26,25,75,35,95,62,75,100,50,68,33,20,13,50
Z|25,0,26,25,75,35,95,62,75,100,45,68,33,20,13,50
Z|25,0,13,25,75,35,90,56,75,90,55,56,50,20,20,41
Z|23,33,13,51,50,60,96,68,73,86,36,48,33,3,26,25
Z|20,6,13,25,66,46,86,75,66,93,73,66,50,50,20,43
Z|20,0,33,33,75,35,95,50,65,95,45,56,40,26,6,33
Z|20,0,33,16,70,35,90,56,70,95,50,50,46,20,13,33
Z|20,0,30,31,75,40,90,62,65,85,50,68,40,13,6,25
Z|20,0,20,25,65,40,95,68,70,100,45,75,33,26,6,25
Z|16,6,13,25,56,50,95,75,56,85,45,75,50,20,13,33
Z|16,0,20,25,75,35,95,68,75,100,45,75,33,33,6,25
Y|6,60,0,0,5,80,25,0,35,80,95,50,46,40,13,20
Y|6,40,0,0,10,90,15,0,45,90,90,43,40,40,20,16
Y|60,60,35,37,15,75,90,25,10,80,15,0,13,26,0,0
Y|60,60,35,37,10,70,90,31,10,80,10,0,13,26,0,0
Y|60,60,30,37,10,70,90,31,10,80,10,0,13,26,0,0
Y|56,60,45,56,18,70,85,31,0,90,15,0,0,40,0,0
Y|56,55,45,56,18,75,85,31,0,95,15,0,0,40,0,0
Y|56,43,0,0,25,81,87,60,50,93,50,20,50,16,0,0
Y|56,43,0,0,25,81,87,60,50,87,50,20,50,8,0,0
Y|56,25,0,0,37,93,68,40,43,93,62,40,50,25,0,0
Y|56,25,0,0,25,93,75,37,43,93,68,25,50,41,0,0
Y|56,25,0,0,25,85,80,68,31,95,40,6,33,46,0,0
Y|56,20,0,0,37,95,70,56,37,85,55,18,41,40,0,0
Y|5,55,0,0,0,80,35,0,45,90,90,45,40,33,20,26
Y|5,50,0,0,10,80,30,0,35,90,100,45,40,46,6,20
Y|5,50,0,0,0,80,30,0,40,85,90,40,40,40,26,26
Y|50,8,0,0,43,93,50,15,31,81,87,65,41,66,0,0
Y|50,58,33,33,41,75,100,73,0,75,75,0,6,68,18,0
Y|50,53,33,50,50,86,100,58,0,60,60,0,0,70,5,0
Y|50,53,20,16,37,80,90,62,18,95,15,0,25,20,0,0
Y|50,50,5,0,18,75,90,56,31,95,40,25,33,13,0,0
Y|50,46,26,50,43,85,95,50,0,85,30,0,0,53,0,0
Y|50,45,0,0,18,75,80,50,31,95,45,37,33,13,0,0
Y|50,40,6,25,37,85,95,62,12,95,20,0,16,40,0,0
Y|50,33,20,25,37,70,95,68,6,95,25,0,16,46,0,0
Y|50,33,20,25,37,70,95,62,6,95,25,0,16,46,0,0
Y|50,33,0,0,25,85,80,68,31,95,40,0,33,46,0,0
Y|50,30,0,0,37,85,80,56,31,95,45,12,33,6,0,0
Y|50,25,0,0,43,93,68,45,31,87,75,30,33,50,0,0
Y|50,25,0,0,43,93,62,40,31,87,68,40,50,33,0,0
Y|50,16,0,0,31,100,37,0,31,81,100,75,50,41,0,20
Y|50,13,0,0,43,90,50,37,31,80,75,31,41,46,0,0
Y|46,33,33,41,45,85,90,43,5,85,20,0,6,46,0,0
Y|46,13,0,0,45,95,80,62,15,85,40,0,26,46,0,0
Y|40,35,0,0,15,90,60,37,45,90,45,25,53,13,0,0
Y|40,30,0,0,20,85,60,37,40,90,50,25,46,13,0,0
Y|26,46,0,0,26,93,33,0,20,86,100,66,60,55,20,12
Y|26,26,0,0,25,90,35,12,40,95,75,50,53,13,0,0
Y|26,26,0,0,25,85,20,0,30,90,100,56,53,33,0,0
Y|25,35,0,0,15,95,30,6,25,85,95,68,46,40,0,0
Y|20,46,0,0,20,86,20,0,0,80,86,25,60,65,55,31
Y|20,26,0,0,30,95,20,0,40,90,100,50,46,26,13,16
Y|13,40,0,0,15,90,15,0,40,80,90,31,53,53,26,25
Y|13,40,0,0,15,90,15,0,40,75,95,31,53,33,26,25
Y|13,26,0,0,20,90,10,0,35,80,95,50,46,46,13,16
Y|0,53,0,0,0,85,30,0,31,65,95,31,50,60,46,50
Y|0,53,0,0,0,80,35,0,37,70,95,31,50,46,40,50
Y|0,46,0,0,0,90,30,0,30,70,85,35,53,60,46,53
Y|0,46,0,0,0,90,30,0,30,70,85,30,46,60,46,53
Y|0,43,3,0,0,76,66,0,30,66,100,68,54,58,25,32
Y|0,43,10,0,0,66,66,0,33,70,100,60,58,50,33,50
X|23,0,10,52,52,83,80,43,41,86,94,40,53,0,13,28
X|16,0,33,53,66,91,94,23,33,86,63,66,43,11,0,0
X|16,0,22,50,55,86,91,20,38,80,80,53,40,3,3,20
X|0,61,0,0,11,83,76,68,45,52,90,2,0,0,48,0
X|0,0,33,30,61,57,80,5,42,80,69,54,41,8,0,0
W|56,75,65,31,12,80,100,43,43,85,100,62,41,53,40,8
W|56,75,65,25,18,70,100,25,25,80,100,62,25,33,40,16
W|56,75,62,40,18,43,100,65,37,56,100,80,41,33,33,26
W|56,70,60,25,18,65,100,37,37,80,100,18,25,60,33,0
W|56,70,60,25,18,60,100,25,25,70,100,68,33,60,40,16
W|56,70,50,25,18,65,100,31,37,75,100,62,50,46,33,25
W|56,68,50,40,18,75,100,55,37,81,100,80,41,41,33,26
W|56,65,75,50,18,60,95,37,25,80,100,75,16,60,26,16
W|56,65,55,25,18,75,100,43,37,80,100,56,41,60,33,25
W|56,62,43,25,25,81,100,70,37,81,100,55,31,50,68,35
W|56,60,55,25,18,80,100,43,37,65,100,56,41,60,33,16
W|56,60,55,25,18,80,100,37,37,65,100,56,41,60,33,25
W|56,60,55,25,18,80,100,31,37,65,100,56,41,60,33,25
W|56,60,50,31,18,80,95,43,37,80,100,56,50,66,46,25
W|56,60,50,31,18,80,95,37,37,80,100,56,50,66,46,25
W|56,56,50,25,18,75,100,75,31,81,100,70,50,66,66,53
W|55,75,75,31,15,85,95,31,20,90,100,56,33,46,20,0
W|50,75,75,43,25,80,100,43,10,80,100,75,33,60,26,8
W|50,75,75,43,18,75,95,50,12,80,100,75,16,53,33,16
W|50,75,75,37,25,85,100,31,25,80,100,62,33,46,20,0
W|50,75,70,37,25,85,100,31,25,80,100,62,33,46,20,0
W|50,75,65,31,15,80,95,37,40,80,100,50,33,40,33,8
W|50,75,60,18,15,90,95,37,25,75,100,56,33,66,53,16
W|50,75,60,12,15,70,95,12,25,75,100,56,33,66,53,16
W|50,70,70,25,18,70,95,31,31,75,100,62,33,46,26,0
W|50,70,65,31,15,65,95,31,30,75,100,68,40,46,26,0
W|50,70,55,31,15,85,100,37,45,80,100,25,40,46,53,25
W|50,66,66,53,18,50,93,70,18,68,100,80,33,66,41,26
W|50,66,66,26,18,75,100,75,37,81,100,70,50,66,66,53
W|50,66,66,26,12,75,100,75,37,81,100,70,50,66,66,53
W|50,66,58,26,31,75,100,75,18,56,100,70,50,66,66,53
W|50,60,50,25,18,70,95,62,43,75,100,43,41,60,60,33
W|50,60,35,18,12,70,100,68,37,80,100,43,41,66,66,33
W|50,55,50,25,18,80,100,62,18,75,100,56,33,66,66,33
W|50,53,66,25,31,60,100,68,6,60,95,37,25,66,66,33
W|50,45,45,18,12,70,100,68,37,80,100,43,41,66,66,33
W|45,75,75,43,25,90,100,43,10,80,100,75,33,60,26,8
W|45,75,75,43,25,80,100,43,10,80,100,75,33,60,26,8
W|45,75,65,31,15,85,90,43,25,85,100,62,33,53,33,8
W|45,75,65,31,15,85,90,43,25,85,100,62,33,53,20,8
W|45,75,65,31,15,85,100,43,25,85,100,62,33,53,33,8
W|45,70,65,37,20,75,100,31,30,75,100,62,40,53,40,8
W|45,70,65,37,20,75,100,31,25,75,100,62,40,53,40,8
W|45,70,60,37,20,85,90,50,25,80,100,62,33,60,33,8
W|45,70,60,31,5,70,95,31,35,90,100,50,33,40,33,8
W|45,70,60,25,20,85,90,31,25,80,100,56,33,60,33,8
W|45,70,55,25,10,80,95,37,35,85,100,50,33,60,40,16
W|45,70,55,18,20,80,95,31,35,85,100,50,33,60,40,16
W|45,65,55,25,10,75,95,18,35,85,100,50,33,60,40,16
W|45,65,50,18,15,75,100,68,30,90,95,37,40,53,53,33
W|45,65,50,18,15,75,100,62,30,90,95,37,40,53,53,33
W|45,55,45,12,15,75,100,56,35,85,100,37,53,66,66,25
W|43,75,65,43,18,75,95,43,37,70,100,75,33,66,40,16
W|43,60,50,31,25,75,100,50,25,70,100,62,43,55,45,12
W|43,60,50,31,25,65,100,50,25,70,100,62,43,45,45,12
W|43,50,45,25,31,80,100,56,12,80,100,62,25,60,45,25
W|37,70,70,31,18,80,95,25,18,80,100,68,50,53,33,16
W|37,70,50,25,18,70,95,68,31,80,100,50,50,60,53,50
W|37,65,65,31,37,85,95,37,18,75,100,68,50,60,20,16
W|37,62,50,25,31,56,100,70,18,56,100,80,50,50,58,46
W|37,60,65,25,37,85,95,37,6,75,100,75,33,66,33,16
W|37,60,55,25,12,60,100,68,18,55,100,62,33,66,66,50
W|37,55,65,31,37,85,95,25,12,75,100,75,50,66,33,8
W|37,55,55,25,25,80,95,31,18,65,100,75,50,60,40,25
W|37,50,45,37,37,80,100,43,12,65,100,62,31,60,45,12
W|30,65,45,15,10,65,100,55,35,70,100,30,20,55,55,30
W|25,55,55,25,18,80,95,37,18,70,100,75,50,60,40,25
W|15,60,10,0,5,60,95,50,30,65,100,37,32,48,68,33
W|15,60,10,0,5,60,95,50,30,65,100,33,32,48,68,30
W|15,60,10,0,5,55,95,50,30,65,100,37,32,48,68,33
W|0,60,15,0,0,55,100,66,35,60,100,45,24,48,64,33
V|6,46,0,0,10,85,45,0,40,50,100,37,53,66,60,41
V|60,75,75,50,15,40,100,37,10,95,30,0,6,33,0,0
V|60,75,75,43,20,45,95,37,10,90,30,0,6,33,0,0
V|56,75,75,50,18,40,100,37,12,90,30,0,0,46,0,0
V|56,55,20,0,12,60,100,62,31,90,75,18,33,53,0,0
V|56,55,10,0,25,60,95,62,43,85,75,18,41,33,0,0
V|56,55,10,0,25,60,95,62,37,85,75,18,41,33,0,0
V|56,55,10,0,25,60,95,56,43,85,75,18,41,33,0,0
V|56,55,10,0,25,55,95,56,43,85,75,18,41,33,0,0
V|56,50,12,0,25,68,93,55,37,75,100,60,50,41,0,0
V|56,50,12,0,25,68,100,55,37,75,100,55,50,41,8,0
V|56,45,10,0,25,60,95,62,31,75,95,31,41,40,0,0
V|56,43,12,0,18,62,100,65,43,62,93,55,50,58,0,0
V|56,40,5,0,31,70,95,56,31,70,90,31,41,53,0,0
V|56,40,10,0,31,60,95,56,37,75,85,31,41,46,0,0
V|56,30,0,0,31,80,85,50,31,60,100,37,41,60,0,0
V|5,55,0,0,0,70,70,5,40,65,95,60,46,60,60,13
V|5,50,0,0,0,75,70,0,35,60,95,60,40,66,60,20
V|53,66,66,41,35,55,100,56,0,80,55,0,0,53,0,0
V|53,66,66,25,40,60,100,56,10,85,45,0,13,46,0,0
V|50,75,65,25,15,45,100,55,5,85,60,0,13,40,0,0
V|50,66,66,25,37,55,95,75,6,80,55,0,16,66,0,0
V|50,66,46,25,37,50,95,75,6,75,65,6,16,53,0,0
V|50,60,35,0,18,45,95,68,25,80,70,25,33,26,0,0
V|50,60,15,0,18,60,95,56,25,70,75,37,33,40,0,0
V|50,60,15,0,18,50,95,56,25,70,75,37,25,40,0,0
V|50,50,8,0,31,68,100,55,31,62,93,65,50,66,16,0
V|50,50,8,0,31,68,100,55,31,62,93,65,50,58,16,0
V|50,50,8,0,31,68,100,55,25,62,93,65,50,58,16,0
V|50,50,18,0,18,75,100,70,50,75,93,55,50,58,8,0
V|50,45,10,0,25,65,100,43,20,80,80,31,40,40,0,0
V|50,40,0,0,37,85,85,50,25,60,95,37,41,60,6,0
V|45,70,75,25,35,50,95,50,0,95,30,0,13,53,0,0
V|40,50,10,0,15,50,85,37,40,85,90,37,53,40,0,0
V|40,50,10,0,15,50,85,37,40,85,85,37,53,26,0,0
V|40,50,10,0,15,50,85,37,40,80,90,37,53,40,0,0
V|40,40,0,0,20,80,75,18,30,75,100,50,46,46,0,0
V|37,55,15,0,6,50,90,43,37,85,90,50,50,33,6,0
V|35,50,0,0,10,85,80,18,40,65,100,68,40,46,20,0
V|35,45,0,0,10,70,85,18,35,75,100,37,53,40,20,0
V|35,40,0,0,20,95,80,25,30,60,100,56,40,46,13,0
V|25,60,5,0,10,65,85,37,30,60,90,56,46,33,0,0
V|25,60,0,0,5,70,80,18,35,65,100,68,53,46,33,8
V|25,55,0,0,10,70,80,18,35,60,100,68,33,60,33,0
V|25,50,0,0,15,75,75,25,30,60,100,75,46,60,33,0
V|25,40,0,0,5,75,70,12,40,55,100,56,40,53,26,16
V|20,55,0,0,15,80,65,6,35,60,95,68,46,60,53,25
V|20,55,0,0,15,80,65,6,35,60,100,68,46,60,46,16
V|20,53,0,0,5,90,60,0,45,60,100,50,46,66,53,41
V|20,46,0,0,15,90,60,6,35,55,100,62,46,60,60,25
V|20,46,0,0,15,85,60,6,35,55,95,62,46,60,60,25
V|20,45,0,0,5,70,75,12,30,80,100,50,53,46,13,0
V|20,40,0,0,15,90,60,6,30,40,95,62,53,66,66,25
V|15,50,5,0,5,65,70,10,30,65,90,65,53,60,46,20
V|13,26,0,0,5,65,55,6,35,75,100,50,53,46,20,8
V|0,60,5,0,0,55,75,10,40,60,95,65,40,60,53,26
V|0,46,10,0,0,73,86,22,16,40,76,82,56,70,60,28
U|50,75,70,25,18,40,50,62,56,85,90,43,25,33,20,0
U|50,66,66,25,50,66,73,66,25,33,46,75,56,75,75,25
U|50,66,66,25,41,66,80,75,0,6,60,75,18,75,75,31
U|50,66,66,25,37,50,60,75,25,55,80,68,33,40,33,8
U|50,66,66,25,37,50,60,62,25,50,80,68,33,40,33,8
U|50,66,66,25,25,50,55,62,56,60,70,68,16,46,46,0
U|50,66,66,25,25,40,50,62,25,55,70,75,25,53,46,8
U|50,66,66,20,37,50,50,75,56,50,50,75,25,58,66,26
U|50,66,58,20,37,50,50,75,56,50,50,75,25,41,66,26
U|50,60,33,8,37,50,70,62,37,50,65,62,50,66,66,8
U|50,58,41,6,25,62,68,70,56,62,50,70,25,58,66,26
U|50,53,66,25,37,50,60,68,37,60,75,62,33,60,33,0
U|50,53,40,0,31,55,65,62,25,50,60,62,33,66,66,16
U|41,66,60,16,37,60,70,62,37,60,70,56,50,53,53,8
U|41,53,46,16,43,70,65,62,37,50,75,62,33,66,60,8
U|41,46,66,25,37,55,65,56,25,55,70,62,33,60,46,8
U|40,66,66,8,45,55,65,56,20,65,80,50,40,53,60,8
U|40,66,66,8,45,55,60,56,35,60,80,50,40,53,60,8
U|40,66,66,8,45,55,60,56,35,60,70,50,40,53,46,8
U|40,60,60,8,25,50,60,62,35,60,75,50,26,53,53,16
U|40,60,60,8,20,55,80,50,35,60,80,50,40,60,46,8
U|40,60,60,25,45,55,60,75,20,55,75,56,33,66,33,8
U|35,70,60,6,25,40,60,56,55,75,85,50,20,26,40,0
U|33,66,66,25,16,33,60,66,25,33,53,66,56,75,75,18
U|33,66,40,8,25,50,70,62,56,60,55,68,25,60,66,16
U|33,66,40,0,25,50,70,62,56,60,55,68,25,60,66,25
U|33,60,60,8,45,60,65,56,30,60,70,50,40,60,60,8
U|33,60,60,8,30,60,75,56,45,55,65,50,46,60,60,0
U|33,60,60,16,50,60,65,56,30,60,80,50,40,66,46,8
U|33,60,53,8,37,55,65,75,43,60,65,62,33,66,66,16
U|33,60,46,0,45,55,80,50,35,55,65,37,40,66,60,0
U|33,60,40,8,25,60,70,62,56,55,50,68,25,66,66,16
U|33,53,60,8,35,60,75,56,45,55,65,50,46,60,60,0
U|33,53,53,0,40,60,75,56,35,65,70,56,53,60,60,8
U|33,46,46,8,35,90,80,62,25,50,75,56,40,66,53,8
U|33,46,46,8,35,65,75,62,25,50,75,56,40,66,53,8
U|33,40,53,8,62,70,75,62,25,40,75,62,33,66,60,8
U|31,50,65,25,50,50,45,75,18,65,95,43,33,53,20,0
U|30,70,60,12,10,40,60,62,55,75,85,50,20,26,40,0
U|30,55,60,12,45,50,60,62,25,70,85,37,40,53,40,0
U|30,55,60,12,40,45,60,62,25,70,85,37,40,53,40,0
U|26,66,66,8,60,60,55,56,25,55,85,37,40,60,40,0
U|26,66,66,8,55,60,55,56,25,55,90,37,40,60,40,0
U|26,53,66,16,55,55,65,50,30,50,80,56,40,66,40,0
U|26,53,66,0,45,60,65,50,30,50,75,43,46,60,60,8
U|26,53,60,0,45,60,65,50,30,45,75,43,46,60,60,8
U|25,66,66,16,56,60,50,75,25,45,85,50,41,60,40,8
U|25,60,66,25,50,50,55,75,25,50,70,68,33,66,40,8
U|25,60,66,25,50,50,55,68,25,50,70,68,33,66,40,8
U|25,60,33,0,37,55,80,68,37,50,60,62,50,66,66,25
U|25,60,33,0,37,55,75,68,37,50,60,62,50,66,66,16
U|25,55,60,25,56,60,45,75,6,65,95,50,16,60,26,0
U|25,55,50,6,37,45,60,75,43,65,75,56,33,53,46,8
U|25,53,40,8,37,60,75,56,37,55,65,68,41,60,60,16
U|25,53,33,0,43,55,80,68,37,45,60,62,50,66,66,16
U|25,46,66,25,43,65,50,62,31,55,60,68,50,60,53,0
U|25,46,66,16,50,65,50,62,31,55,60,68,50,60,53,0
U|20,66,60,0,15,60,75,56,50,60,70,56,40,60,60,8
U|20,53,66,8,60,60,60,62,15,50,90,43,33,60,40,0
U|20,53,60,0,45,65,70,56,30,45,75,50,46,66,60,8
U|20,53,60,0,45,65,65,56,30,40,75,50,46,66,60,8
U|20,53,40,0,30,60,80,56,40,55,70,56,40,66,60,8
U|20,50,63,32,36,63,52,80,20,41,61,70,56,76,60,4
U|18,40,70,25,56,65,55,75,6,50,85,62,16,66,40,0
U|18,40,70,25,56,65,55,75,6,45,85,62,16,66,33,0
U|10,70,45,0,10,40,65,70,55,80,60,60,6,33,60,20
U|10,70,45,0,10,40,65,70,55,80,60,60,6,33,60,13
T|8,40,0,0,16,66,6,0,33,100,100,66,56,25,30,18
T|6,33,0,0,35,70,15,0,60,70,90,55,33,0,0,13
T|6,33,0,0,33,60,0,0,53,100,86,41,45,15,40,37
T|6,33,0,0,33,60,0,0,53,100,86,33,45,20,40,45
T|6,33,0,0,33,53,0,0,53,100,86,41,45,10,40,37
T|6,33,0,0,33,46,0,0,66,100,60,16,40,10,60,43
T|53,0,6,16,70,65,95,50,60,45,0,0,26,26,0,0
T|53,0,6,16,70,60,95,50,60,40,0,0,26,26,0,0
T|53,0,6,16,70,60,90,50,45,50,5,0,13,26,0,0
T|53,0,6,16,70,60,85,50,40,50,15,0,13,26,0,0
T|50,6,53,50,75,100,93,58,58,73,6,0,18,35,0,0
T|50,6,20,16,75,100,100,66,75,60,20,0,33,13,0,0
T|50,6,0,0,68,45,35,37,75,65,65,31,41,13,0,0
T|50,6,0,0,66,73,73,75,50,73,60,25,37,30,0,0
T|50,6,0,0,66,53,73,66,50,80,66,25,56,20,0,0
T|50,16,16,26,66,83,100,80,50,91,33,0,18,56,0,0
T|50,16,0,0,75,50,33,26,75,100,100,80,56,0,0,0
T|50,16,0,0,75,41,33,26,75,83,100,80,56,0,0,0
T|50,13,46,50,75,100,93,58,41,80,6,0,12,40,0,0
T|50,13,33,50,75,93,93,58,41,80,6,0,12,50,0,0
T|50,13,20,50,66,86,100,58,41,86,20,0,12,45,0,0
T|50,0,0,0,75,46,53,50,75,86,93,50,56,10,0,0
T|50,0,0,0,75,41,50,46,75,91,83,60,56,6,0,0
T|46,0,20,25,70,85,100,37,55,55,0,0,33,13,0,0
T|41,6,0,0,66,60,60,41,66,86,66,41,31,20,0,0
T|41,6,0,0,62,70,55,43,50,65,45,37,33,13,0,0
T|41,13,13,25,62,75,90,50,37,60,15,0,16,40,0,0
T|40,13,20,16,73,86,100,75,60,80,20,0,35,25,0,0
T|40,13,0,0,66,60,53,33,60,100,93,58,45,10,0,0
T|40,0,20,16,73,86,100,75,53,80,20,8,30,25,0,0
T|40,0,20,16,73,86,100,75,53,80,20,0,30,25,0,0
T|40,0,0,0,70,50,70,50,60,65,40,6,26,13,0,0
T|33,6,46,50,75,100,100,41,58,73,6,0,25,40,0,0
T|33,26,0,0,58,60,6,0,66,100,86,58,56,25,40,31
T|33,26,0,0,58,60,33,25,50,93,100,75,56,20,5,0
T|33,26,0,0,58,53,13,0,66,100,100,75,56,20,20,18
T|26,6,0,0,66,100,93,50,80,53,46,33,40,0,0,0
T|26,20,0,0,55,50,10,0,65,75,95,56,40,0,0,0
T|26,13,0,0,60,55,30,12,60,70,75,56,46,0,0,0
T|20,26,0,0,46,60,0,0,66,100,80,25,60,15,50,31
T|20,20,0,0,40,65,5,0,65,75,100,50,40,13,6,0
T|20,20,0,0,40,60,5,0,65,70,100,50,40,13,6,0
T|16,40,0,0,33,80,13,0,50,100,100,66,56,25,30,18
T|16,40,0,0,33,66,13,0,50,100,93,66,56,25,30,18
T|13,40,0,0,53,46,0,0,66,100,66,8,55,30,70,43
T|13,40,0,0,53,46,0,0,66,100,66,16,55,25,70,43
T|13,26,0,0,46,73,20,0,53,73,100,66,40,6,20,25
T|13,26,0,0,46,46,0,0,53,100,66,8,55,30,70,43
T|13,26,0,0,35,75,20,0,60,75,85,65,26,13,0,0
S|8,53,26,33,66,86,33,75,75,53,80,66,37,20,75,25
S|8,46,13,33,75,100,33,58,75,66,80,50,37,25,75,37
S|8,40,26,33,66,93,46,75,75,60,80,66,50,15,70,18
S|8,40,26,33,66,93,46,75,75,60,80,66,37,15,70,18
S|8,40,26,33,66,100,46,75,75,53,80,66,50,20,70,25
S|8,40,26,33,66,100,46,75,75,53,80,66,50,20,65,25
S|8,40,20,33,58,100,46,75,75,53,80,66,50,20,70,25
S|8,40,13,41,75,86,26,58,75,66,66,50,50,25,75,37
S|8,40,13,41,75,100,40,58,75,66,73,50,31,25,75,31
S|8,33,13,41,75,93,40,58,75,73,73,75,43,25,75,43
S|8,33,13,41,75,100,33,58,75,73,66,75,43,25,75,43
S|8,26,20,25,75,100,50,62,75,45,90,50,0,6,60,8
S|8,26,20,25,68,100,50,62,75,55,85,62,25,13,60,16
S|8,26,13,41,66,100,40,66,75,73,80,75,43,35,75,43
S|8,26,13,25,66,100,40,58,75,73,80,75,43,35,75,37
S|8,20,13,33,62,95,35,68,75,60,85,62,33,6,66,16
S|6,46,26,25,60,90,55,56,65,50,95,50,13,0,46,8
S|6,46,20,33,75,90,50,50,70,40,95,50,6,6,46,0
S|6,40,13,16,65,95,50,56,75,55,90,37,20,6,46,8
S|6,33,20,26,50,90,50,65,65,55,90,55,20,6,60,13
S|6,33,13,16,65,100,45,56,75,55,90,37,20,6,46,8
S|6,26,20,33,65,95,40,56,65,55,90,62,26,6,60,8
S|6,26,13,41,60,100,40,66,80,73,80,75,45,35,75,43
S|6,20,33,8,60,90,45,50,70,55,90,43,33,6,46,8
S|6,20,20,33,55,100,40,56,65,55,80,62,13,0,53,8
S|4,43,40,32,60,96,60,64,72,66,86,48,32,33,63,8
S|41,66,16,40,75,100,50,73,75,33,91,80,18,0,62,45
S|41,60,20,33,75,93,46,66,75,53,86,58,18,10,70,12
S|33,60,26,33,73,93,53,66,73,53,93,50,30,20,55,18
S|33,60,26,33,73,93,53,66,73,53,100,50,30,20,55,18
S|26,60,26,33,73,93,40,66,80,60,73,50,35,30,70,18
S|26,60,26,33,73,100,40,66,80,60,73,50,35,20,70,18
S|26,53,26,33,60,86,46,50,60,60,93,58,35,10,60,25
S|26,46,26,33,75,90,40,62,70,40,90,43,0,0,40,0
S|26,46,26,33,75,90,40,62,70,25,90,43,0,0,33,0
S|26,46,26,33,66,100,46,58,66,66,80,58,35,10,60,25
S|25,60,13,33,75,85,50,68,31,40,95,43,0,6,40,0
S|25,46,13,41,75,86,33,58,75,60,80,50,37,25,70,25
S|25,40,26,25,75,93,46,75,75,60,86,50,56,25,70,12
S|20,66,6,0,65,85,40,65,35,45,85,45,0,20,66,13
S|20,66,6,0,65,85,35,65,35,45,85,45,0,20,66,20
S|20,66,6,0,65,85,35,65,35,40,85,45,0,20,66,13
S|20,60,26,33,60,93,40,66,73,46,73,50,40,20,70,18
S|20,46,26,33,66,100,53,66,66,73,80,66,30,10,65,25
S|20,40,13,33,66,93,46,58,66,53,86,50,30,25,75,31
S|20,40,13,33,66,93,46,58,66,53,86,50,30,25,70,31
S|20,26,13,16,65,95,50,56,75,50,95,37,13,6,46,8
S|16,53,26,33,58,93,53,75,75,66,86,66,50,15,75,25
S|16,53,26,33,58,93,46,75,75,66,86,66,43,15,75,25
S|16,53,20,33,58,86,33,75,75,46,80,75,50,25,75,25
S|16,53,20,33,58,86,33,75,58,53,80,75,37,20,75,25
S|16,53,13,33,66,100,40,58,75,53,100,58,43,25,40,18
S|16,50,0,20,75,100,33,66,75,58,75,73,56,6,75,45
S|16,50,0,20,75,100,33,66,75,58,75,73,56,6,68,45
S|16,50,0,20,75,100,33,66,75,58,75,73,12,6,75,45
S|16,46,26,33,58,100,46,75,75,80,93,66,50,20,70,25
S|16,46,26,33,58,100,46,75,75,73,93,66,50,20,70,25
S|16,46,26,33,58,100,46,66,75,80,93,66,50,20,70,25
S|16,40,26,33,75,93,46,75,75,60,86,58,56,20,70,12
S|16,40,26,33,66,93,46,75,75,73,86,66,56,20,70,18
S|16,40,26,33,66,93,46,75,75,60,86,66,56,20,70,18
S|16,40,20,25,75,95,50,62,75,40,85,50,0,6,60,8
S|16,40,20,25,75,95,45,62,75,40,85,50,0,6,60,8
S|16,40,20,25,75,100,50,62,75,40,85,50,0,6,60,8
S|16,40,20,25,68,95,50,62,75,40,85,50,0,6,60,8
S|16,33,26,33,58,100,46,75,66,73,93,66,43,15,70,25
S|16,33,20,25,75,95,50,62,75,40,85,50,0,6,60,8
S|16,33,20,25,75,90,50,62,75,40,85,50,0,6,60,8
S|16,33,13,25,75,95,45,62,75,40,85,50,0,6,60,8
S|16,26,20,25,75,95,50,62,75,45,90,50,0,6,60,8
S|16,26,20,25,75,90,50,62,75,45,90,50,0,6,60,8
S|13,53,26,33,66,93,46,66,73,60,73,58,40,20,75,12
S|13,53,26,33,46,93,40,58,66,60,86,58,30,5,55,25
S|13,53,0,16,50,90,55,56,65,55,70,12,0,6,53,0
S|13,46,26,33,65,95,55,68,60,50,95,56,20,6,40,0
S|13,46,26,33,65,95,55,68,60,50,95,56,20,6,33,0
S|13,46,26,25,65,90,45,62,60,40,95,50,0,0,46,0
S|13,46,26,25,60,90,55,56,75,50,95,50,6,6,46,8
S|13,46,26,25,60,90,55,56,75,45,95,50,6,6,46,8
S|13,46,26,25,60,80,55,56,75,45,95,50,6,6,46,8
S|13,46,13,25,66,93,46,66,80,60,73,58,30,20,75,50
S|13,40,13,33,60,93,40,66,73,60,66,58,40,25,75,25
S|13,40,13,16,65,95,45,62,60,40,85,50,20,0,46,0
S|13,33,26,25,60,90,55,56,75,45,95,50,6,6,46,8
S|13,33,20,26,55,90,55,65,65,50,90,60,20,6,60,13
S|13,33,20,26,55,90,55,65,65,50,90,55,20,6,60,13
S|13,33,13,33,60,95,40,56,70,45,95,56,26,6,60,8
S|13,26,26,16,70,90,60,50,70,50,90,50,6,0,53,0
S|13,20,40,16,70,75,50,56,70,45,90,43,46,13,46,0
S|13,13,33,25,70,90,55,56,75,50,90,43,13,6,46,0
S|13,13,33,25,70,90,55,56,70,50,90,31,13,6,46,0
S|12,70,36,52,60,80,56,80,72,66,90,56,20,16,54,10
S|0,6,26,25,50,95,50,56,70,65,90,50,33,13,60,8
S|0,6,26,25,50,95,45,56,70,65,85,50,33,13,60,8
S|0,6,26,25,50,100,40,56,70,65,85,62,33,13,60,8
S|0,26,13,33,70,95,50,62,75,50,85,50,20,13,66,16
S|0,26,13,33,70,95,50,62,75,50,80,50,20,13,66,16
S|0,26,13,33,55,100,50,56,70,55,80,50,20,0,53,16
S|0,20,20,20,60,95,50,70,60,45,90,45,20,0,66,6
S|0,20,13,33,60,95,45,62,70,60,85,56,33,6,66,16
S|0,20,13,33,60,95,45,62,70,60,80,56,33,6,66,16
S|0,20,13,33,60,95,45,62,70,60,80,56,33,6,60,16
S|0,20,13,33,60,95,45,62,70,60,75,62,33,13,66,16
S|0,20,13,33,60,95,40,62,70,60,75,56,33,13,66,16
S|0,20,13,33,55,95,45,62,70,60,75,62,33,13,60,16
S|0,13,40,16,70,95,55,56,65,45,95,56,20,13,46,0
S|0,13,40,16,70,95,55,56,65,40,95,56,20,0,46,0
S|0,13,33,16,56,100,45,56,75,60,90,62,41,20,53,8
S|0,13,33,16,56,100,45,56,75,60,90,62,41,20,53,16
S|0,13,33,16,56,100,35,56,75,60,90,62,41,20,53,16
S|0,0,40,25,56,95,45,68,68,55,90,62,33,13,53,25
R|8,26,40,33,75,95,80,43,62,90,95,50,16,33,13,33
R|6,40,46,33,66,100,86,33,60,80,86,25,30,70,35,50
R|50,66,66,53,75,83,91,53,66,91,100,53,18,50,31,55
R|50,66,66,53,75,83,100,53,75,91,100,53,18,50,31,55
R|50,66,66,53,75,66,91,53,75,91,100,46,12,43,31,55
R|50,66,66,40,75,83,91,40,75,83,100,53,25,66,50,53
R|50,66,66,40,75,83,91,40,75,83,100,53,18,50,37,55
R|50,66,33,26,75,75,93,60,68,100,87,55,0,0,8,46
R|50,60,66,41,50,73,93,41,50,86,100,41,18,50,35,50
R|50,53,66,50,66,86,80,50,58,93,100,33,18,55,45,37
R|50,53,66,50,66,86,80,50,58,93,100,25,18,65,45,37
R|50,53,60,50,66,86,80,50,58,93,100,33,18,55,45,37
R|50,53,53,33,75,93,86,33,75,86,86,25,25,55,50,43
R|50,46,66,50,66,86,80,50,58,93,100,33,18,55,45,37
R|50,41,33,26,75,83,100,80,75,83,91,20,31,62,56,30
R|43,80,80,64,66,60,60,28,83,76,73,16,54,58,75,30
R|41,66,66,41,75,93,80,50,75,86,93,33,25,50,45,56
R|41,66,66,41,75,86,80,50,75,86,93,33,25,50,45,56
R|41,46,33,8,75,90,90,50,68,95,90,31,0,20,20,33
R|40,66,66,33,73,86,73,33,60,86,93,16,20,40,40,50
R|40,60,66,33,73,93,73,33,60,93,93,25,20,45,40,50
R|40,60,66,33,73,93,73,33,60,93,86,25,20,45,40,50
R|40,60,66,33,73,86,73,33,60,86,93,25,20,40,40,50
R|40,40,53,33,80,90,85,43,50,100,100,31,0,20,20,33
R|33,66,66,50,75,86,73,50,66,93,100,33,25,50,40,50
R|33,66,66,33,75,93,86,41,41,86,93,33,12,65,40,56
R|33,66,66,33,73,86,80,33,66,86,86,25,25,40,50,43
R|33,66,66,25,75,80,90,31,50,100,95,43,0,13,6,33
R|33,66,53,25,68,85,90,31,50,95,95,43,0,20,6,33
R|33,66,46,41,75,90,85,43,62,95,85,50,0,0,6,33
R|33,60,53,25,75,95,90,37,65,95,90,25,0,6,26,25
R|33,53,66,33,80,86,80,33,66,86,93,16,25,60,50,43
R|33,53,60,33,73,93,80,50,53,93,86,16,25,55,50,43
R|33,53,60,33,73,93,80,50,53,86,86,16,25,55,50,43
R|33,53,60,33,73,93,80,33,53,86,86,16,25,55,50,43
R|33,53,53,33,80,86,86,33,66,86,93,16,25,65,50,43
R|33,46,60,41,75,100,93,33,66,80,93,25,31,70,40,56
R|33,46,60,33,75,100,93,33,66,80,93,25,31,70,40,56
R|33,46,40,41,75,90,90,43,62,90,90,50,0,20,13,50
R|33,46,26,16,70,85,90,43,65,95,85,18,6,13,40,16
R|33,40,53,25,75,90,85,43,62,95,90,43,16,13,20,41
R|30,66,73,53,66,76,70,30,76,66,63,16,46,56,73,26
R|26,53,66,33,80,93,80,33,66,93,93,16,20,65,50,43
R|26,46,60,25,73,86,80,33,73,86,100,25,35,55,40,50
R|26,40,60,25,73,86,80,33,73,86,100,25,35,55,40,50
R|25,60,66,50,75,86,73,50,66,86,100,33,25,55,30,50
R|25,60,66,50,75,86,73,50,66,86,100,33,25,55,25,50
R|25,60,53,25,75,85,90,31,50,100,95,43,0,20,6,33
R|25,53,53,25,68,85,90,31,43,95,95,56,0,20,6,33
R|25,33,66,50,75,86,80,50,66,86,93,33,25,65,50,56
R|25,33,60,33,75,100,93,50,66,80,86,25,31,70,55,43
R|25,33,53,33,75,100,93,50,66,80,86,25,31,70,55,43
R|20,53,53,25,66,93,80,58,73,86,73,0,30,55,50,12
R|20,46,60,33,66,100,93,26,60,73,93,20,25,75,35,60
R|16,60,66,50,75,86,73,50,58,86,100,33,25,55,30,50
R|16,33,33,53,75,100,91,53,75,66,91,40,50,75,43,55
R|0,40,40,33,66,100,86,33,60,86,86,33,30,75,35,50
R|0,33,46,33,75,100,86,33,75,73,80,25,43,75,50,56
R|0,26,46,33,75,100,86,33,75,80,80,25,43,75,50,56
R|0,20,60,8,60,100,80,6,60,90,100,75,13,66,6,8
R|0,20,60,16,60,100,85,18,60,90,90,75,13,66,0,8
R|0,13,46,16,70,100,70,12,75,80,100,50,33,60,6,25
Q|5,70,66,15,70,41,83,65,60,70,83,10,13,55,22,0
Q|5,70,66,15,70,37,83,65,60,70,83,10,13,55,16,0
Q|5,62,41,0,60,54,83,50,55,54,87,30,20,66,44,0
Q|5,58,41,0,60,54,79,55,55,54,87,30,20,66,33,0
Q|5,54,41,0,65,54,75,55,60,58,91,60,20,66,27,0
Q|5,45,30,0,70,65,90,41,75,35,65,75,25,65,40,20
Q|40,75,65,4,75,25,70,45,80,80,90,75,0,33,20,33
Q|35,70,60,0,75,25,70,41,80,70,90,62,13,46,26,38
Q|30,75,70,4,70,30,65,70,80,75,90,70,20,46,13,0
Q|30,75,65,8,80,30,65,50,55,80,90,75,13,40,33,44
Q|30,75,65,4,75,25,75,45,80,80,95,83,13,33,20,38
Q|29,75,37,0,66,29,79,25,58,79,87,60,0,38,16,20
Q|26,66,53,0,70,55,80,33,80,55,75,79,40,66,46,33
Q|25,75,65,4,75,35,70,50,80,70,90,79,20,33,13,33
Q|25,70,65,4,60,35,65,54,70,65,90,75,20,60,33,38
Q|20,70,50,0,75,35,65,60,75,65,80,80,20,46,33,53
Q|20,66,60,0,70,55,75,54,75,50,85,79,46,66,40,33
Q|20,66,53,0,70,55,80,50,75,50,85,79,46,66,40,33
Q|20,66,50,0,65,45,83,35,75,54,87,80,20,66,33,40
Q|20,66,44,0,65,62,79,30,75,50,83,70,20,66,38,53
Q|20,65,60,4,70,40,65,54,75,60,80,79,20,60,40,38
Q|20,65,60,4,70,40,65,45,75,60,85,75,20,60,40,38
Q|20,65,50,0,80,40,65,50,75,55,80,83,15,50,30,33
Q|20,65,50,0,75,45,75,41,65,75,80,75,10,45,35,45
Q|20,62,37,0,75,41,79,30,70,62,79,70,26,61,27,20
Q|20,62,29,0,75,41,79,30,70,62,79,70,26,61,27,20
Q|20,60,45,0,65,45,75,37,70,65,65,75,10,50,30,33
Q|20,58,25,0,75,45,70,25,80,54,87,60,20,66,33,40
Q|20,55,45,4,75,45,80,33,60,60,75,75,15,50,25,45
Q|20,55,45,4,75,45,80,33,60,55,75,79,15,50,50,50
Q|20,55,45,0,75,45,70,50,80,55,80,83,20,66,46,38
Q|16,70,37,0,70,45,83,35,62,54,83,75,22,66,27,26
Q|16,70,37,0,70,37,91,35,58,54,87,70,22,66,22,26
Q|16,66,45,0,70,33,83,30,58,62,79,65,16,55,33,26
Q|15,75,75,20,70,35,50,70,55,70,95,20,0,60,20,0
Q|15,70,65,4,70,40,70,58,70,65,90,25,20,46,33,0
Q|15,70,65,10,70,50,55,70,65,65,95,25,13,66,26,0
Q|15,70,41,0,60,45,79,30,60,70,79,30,6,50,22,0
Q|15,66,50,0,65,41,79,50,75,54,83,80,13,61,16,0
Q|15,65,70,15,70,50,55,65,75,60,95,15,20,60,20,0
Q|15,65,50,4,65,55,65,54,70,65,80,33,13,53,46,0
Q|15,62,50,0,70,41,83,40,75,54,83,75,13,66,16,13
Q|15,62,41,0,65,41,83,35,75,62,83,75,20,66,27,40
Q|15,62,37,0,60,54,79,45,65,58,79,35,13,66,27,0
Q|15,58,45,0,65,50,83,30,65,62,87,75,13,66,22,40
Q|15,58,45,0,65,50,79,30,65,62,87,75,13,66,27,40
Q|15,58,41,0,60,58,75,50,70,50,87,65,20,66,27,0
Q|15,58,41,0,60,54,75,30,60,54,87,65,13,66,44,40
Q|15,58,41,0,60,45,75,50,70,54,79,65,20,66,22,0
Q|15,58,37,0,75,45,83,40,70,62,79,75,20,61,33,0
Q|13,66,60,0,60,60,75,54,80,50,85,83,46,66,53,22
Q|12,62,33,0,62,50,83,45,62,54,83,60,27,66,22,0
Q|10,70,50,0,75,45,83,50,70,66,83,60,13,44,16,0
Q|10,70,50,0,70,45,70,35,60,54,79,70,6,66,16,33
Q|10,62,50,0,75,45,79,60,65,62,83,70,20,61,11,0
Q|10,62,45,0,75,41,83,45,80,54,79,70,20,66,22,0
Q|10,62,45,0,75,37,83,45,80,54,79,70,20,66,22,0
Q|10,62,45,0,70,45,91,60,65,62,79,75,20,61,11,0
Q|10,62,41,0,75,45,79,25,75,66,87,75,13,61,22,40
Q|10,62,41,0,70,41,79,25,75,66,87,75,20,61,22,40
Q|10,62,41,0,70,37,79,25,75,66,87,75,20,61,22,40
Q|10,62,37,0,70,50,83,50,70,58,75,60,33,66,22,0
Q|10,58,41,0,75,50,79,35,75,66,83,75,20,61,22,46
Q|10,58,41,0,60,58,79,45,65,54,83,35,20,66,22,0
Q|0,50,29,0,70,50,79,20,75,50,87,70,15,70,33,40
Q|0,50,29,0,65,50,79,20,75,50,87,65,15,70,33,45
P|6,46,6,0,40,85,90,45,65,75,55,20,6,53,0,0
P|6,46,0,0,45,80,70,30,65,70,55,40,13,66,0,0
P|50,60,60,33,75,86,86,41,66,66,46,0,25,70,15,0
P|50,53,33,16,75,86,93,66,75,66,46,0,37,70,15,0
P|50,33,33,26,75,83,100,80,75,50,75,0,43,75,31,0
P|50,33,0,0,75,87,100,65,75,75,62,10,25,66,8,0
P|46,60,66,33,66,73,86,50,60,73,46,0,25,70,10,0
P|46,53,60,25,65,70,85,37,70,85,35,0,6,26,0,0
P|46,46,60,25,65,75,85,37,70,85,35,0,6,26,0,0
P|41,66,60,33,75,80,93,66,50,66,60,0,18,75,25,0
P|41,40,0,0,75,90,95,56,75,75,55,12,25,60,6,0
P|40,66,66,41,66,73,93,33,60,73,40,0,25,65,15,0
P|40,66,66,33,80,80,80,50,66,86,40,0,25,75,10,0
P|40,66,66,33,80,73,80,50,66,66,40,0,25,75,10,0
P|40,66,60,33,66,80,93,66,66,73,46,0,20,75,10,0
P|40,66,46,16,66,80,93,58,60,73,46,0,25,70,5,0
P|40,60,66,33,80,73,80,50,66,66,40,0,25,75,10,0
P|40,60,40,25,70,70,85,37,65,85,35,0,0,46,0,0
P|40,46,66,33,80,80,80,50,66,66,40,0,25,75,15,0
P|40,40,53,33,70,80,70,37,55,85,40,0,0,60,6,0
P|33,66,66,41,70,70,80,25,50,85,40,0,13,40,0,0
P|33,66,53,16,62,80,95,43,43,95,50,0,0,40,0,0
P|33,60,60,33,66,86,86,41,75,66,53,0,25,70,15,0
P|33,60,33,8,80,85,80,50,65,80,25,0,13,40,0,0
P|33,60,33,16,66,73,93,58,73,66,26,0,40,70,5,0
P|33,60,33,0,58,80,100,75,75,80,46,25,18,75,25,0
P|33,60,13,0,58,80,100,50,75,73,66,50,31,75,15,0
P|33,60,13,0,58,80,100,50,75,60,60,41,37,75,20,0
P|33,58,66,53,75,91,100,53,58,50,91,0,37,68,43,0
P|33,53,40,25,65,60,80,37,60,95,20,0,26,33,0,0
P|33,53,33,25,65,80,90,37,65,80,40,0,6,53,6,0
P|33,53,33,25,65,75,85,37,65,80,40,0,6,53,0,0
P|33,53,13,0,75,93,100,50,75,66,73,50,37,75,15,0
P|33,46,33,16,80,85,85,50,65,80,30,0,13,53,6,0
P|33,46,26,16,70,80,90,43,70,85,30,0,6,40,0,0
P|33,26,0,0,65,85,100,56,70,70,25,0,20,60,0,0
P|26,53,40,16,65,85,90,50,60,80,45,0,13,60,0,0
P|26,53,0,0,60,86,86,25,73,60,86,66,35,75,20,0
P|26,53,0,0,60,86,86,25,73,60,86,66,35,75,15,0
P|26,46,20,8,75,80,95,68,65,80,40,0,6,60,6,0
P|26,46,0,0,55,75,70,25,70,85,60,31,20,53,6,0
P|26,40,26,8,70,90,100,50,70,75,35,0,26,53,6,0
P|26,40,0,0,55,85,90,45,70,75,60,20,26,66,6,0
P|26,40,0,0,55,85,90,43,70,80,55,12,13,60,6,0
P|26,40,0,0,55,75,65,25,70,80,60,31,20,53,6,0
P|26,33,33,25,65,80,95,37,55,80,40,0,20,53,6,0
P|26,26,6,0,65,90,100,56,70,70,45,0,20,66,0,0
P|26,26,26,0,65,90,95,62,60,90,40,0,20,66,0,0
P|25,40,53,33,75,90,90,37,62,75,55,0,8,60,6,0
P|25,40,53,33,75,85,90,37,62,80,40,0,8,60,6,0
P|25,40,46,33,75,90,90,37,62,75,55,0,8,60,6,0
P|20,60,33,16,46,73,93,58,60,66,26,0,40,70,5,0
P|20,46,33,16,70,90,95,43,65,75,45,0,20,53,0,0
P|20,40,40,16,70,90,90,43,60,75,40,0,20,60,6,0
P|16,66,0,0,50,86,100,25,66,66,100,58,25,75,35,0
P|16,66,0,0,50,86,100,25,66,60,86,66,25,75,35,0
P|13,33,53,33,65,90,85,31,60,75,40,0,13,66,6,0
N|50,66,66,53,66,100,83,26,25,83,100,66,56,75,75,60
N|50,66,66,53,66,100,83,26,25,83,100,60,56,75,75,60
N|50,66,66,53,58,100,83,26,25,66,100,66,56,75,75,60
N|50,66,66,50,75,100,86,25,0,80,100,50,18,75,75,56
N|50,66,66,50,66,100,86,25,8,60,100,50,37,75,75,56
N|50,66,66,26,62,100,87,40,37,75,100,70,25,33,66,53
N|50,66,60,33,50,100,75,31,50,90,100,43,16,46,53,25
N|50,60,66,25,62,100,75,50,43,90,100,50,25,46,40,41
N|50,55,50,25,43,100,75,25,50,90,100,37,16,46,53,25
N|46,66,66,25,55,100,100,43,45,90,100,56,33,46,46,8
N|43,55,60,31,43,100,85,31,37,90,100,56,16,33,53,16
N|41,66,66,41,43,100,90,31,37,85,100,62,25,40,53,16
N|41,60,66,41,56,100,90,31,37,80,100,62,33,46,53,25
N|41,60,66,25,62,100,80,50,25,85,100,56,25,46,46,41
N|41,60,60,41,56,100,90,25,37,80,100,62,33,46,53,25
N|41,53,60,41,56,100,90,31,12,80,100,62,16,53,66,25
N|41,46,46,25,62,100,85,31,12,80,95,50,25,60,60,50
N|41,46,46,16,62,100,85,18,12,80,95,50,25,60,60,50
N|41,40,60,33,62,100,85,12,25,80,100,68,16,66,40,25
N|40,66,66,33,50,100,80,25,30,90,100,56,20,60,46,25
N|40,66,53,25,55,100,75,37,50,95,95,18,40,53,66,16
N|40,60,66,33,55,100,80,25,30,85,100,37,6,60,33,33
N|40,60,60,33,50,100,75,37,30,95,100,31,46,60,66,25
N|37,55,60,31,62,95,85,18,37,80,100,75,33,40,26,25
N|37,50,60,31,62,95,85,18,37,80,100,75,33,46,26,25
N|35,75,40,10,20,95,90,40,70,85,95,25,6,20,53,13
N|35,55,55,25,35,95,70,31,60,85,95,31,20,40,53,25
N|35,55,55,25,30,95,70,31,60,80,95,31,20,40,53,25
N|33,66,66,33,60,100,80,25,20,85,100,68,26,60,46,16
N|33,66,60,25,45,100,65,31,45,90,95,43,33,53,66,25
N|33,60,66,40,45,95,90,30,30,80,100,50,13,60,33,33
N|33,60,66,25,60,100,60,31,35,75,100,43,33,60,53,16
N|33,60,60,25,60,100,65,31,45,80,100,43,33,53,53,16
N|33,60,53,41,31,95,90,37,50,85,100,62,33,53,60,33
N|33,53,66,25,60,100,60,31,25,75,100,43,33,60,60,16
N|33,53,46,25,50,100,80,31,35,90,90,37,40,53,53,33
N|33,46,66,33,75,100,75,18,25,80,100,75,41,66,33,25
N|33,46,66,25,75,100,65,31,18,85,100,56,33,66,60,25
N|33,46,60,25,75,100,70,31,18,85,100,56,33,66,53,25
N|33,46,46,16,62,100,85,43,31,85,100,50,33,66,66,16
N|33,40,66,25,75,100,70,31,18,85,100,56,33,66,60,25
N|33,33,66,25,75,100,70,31,18,85,100,56,33,66,60,25
N|31,50,75,12,62,100,70,0,25,90,100,75,41,40,33,0
N|31,45,55,25,75,100,90,18,43,85,100,56,41,46,26,25
N|31,45,55,25,75,100,75,18,43,85,100,56,41,46,26,25
N|26,46,46,16,65,100,80,25,30,85,100,50,46,66,60,41
N|25,66,66,50,62,100,90,25,12,70,100,75,16,53,33,25
N|25,66,66,50,43,100,95,43,18,85,100,62,16,46,60,33
N|25,60,60,25,50,100,85,25,37,80,100,75,50,46,46,33
N|25,46,53,33,50,100,90,37,31,85,100,68,33,60,60,25
N|25,46,53,33,50,100,85,37,31,85,100,56,33,60,60,25
N|25,46,40,25,68,100,85,25,37,90,95,43,41,66,66,41
N|25,41,41,33,68,100,100,45,37,87,100,65,41,66,66,53
N|25,40,50,31,60,100,75,25,30,95,100,62,40,60,60,33
N|25,40,45,31,60,100,75,25,30,95,100,62,40,60,60,33
N|20,66,53,25,35,100,80,31,40,90,95,37,33,46,46,33
N|20,60,60,33,60,100,75,31,35,85,100,37,46,66,60,33
N|20,60,55,30,20,90,80,35,55,85,100,40,6,33,60,33
N|20,60,55,30,20,90,80,35,55,85,100,40,6,33,46,33
N|20,60,53,33,30,100,80,50,35,85,100,43,26,53,53,25
N|20,53,66,25,40,100,70,43,30,75,100,50,33,66,60,33
N|20,46,60,25,65,100,75,31,20,85,100,43,40,60,53,50
N|20,45,50,31,70,100,80,18,30,85,100,56,40,66,53,25
N|20,45,50,31,70,100,80,18,30,85,100,56,40,60,46,25
N|20,33,60,33,75,100,75,18,25,90,100,56,40,66,53,41
M|6,35,60,31,68,100,70,6,37,90,80,37,43,70,55,31
M|6,35,55,31,68,100,70,6,37,90,80,37,43,70,55,31
M|5,35,70,25,75,100,60,0,30,100,75,31,45,75,50,37
M|50,75,75,43,25,100,60,6,80,100,80,18,26,46,60,16
M|50,75,70,43,40,95,65,12,80,100,70,25,13,40,60,16
M|50,75,62,37,56,100,62,37,75,100,62,18,0,33,66,33
M|50,70,70,43,40,95,65,12,80,100,80,25,13,40,60,16
M|50,66,66,53,56,100,100,40,56,100,81,20,50,66,66,53
M|50,66,66,53,50,100,100,40,62,100,100,20,41,66,66,53
M|45,70,55,35,35,100,75,30,65,100,55,10,10,35,65,20
M|45,70,55,35,25,100,70,30,65,100,60,10,10,45,65,20
M|45,65,65,43,45,100,60,12,70,100,70,12,13,46,66,16
M|45,55,70,43,45,100,55,25,60,100,65,6,20,66,66,16
M|43,60,75,37,56,95,60,12,62,100,75,37,33,46,46,25
M|43,60,70,37,43,95,75,12,62,100,75,25,25,46,60,41
M|40,65,65,43,45,100,60,25,70,100,65,12,13,46,60,16
M|40,65,65,43,45,100,55,25,70,100,65,12,13,46,66,16
M|40,65,55,35,25,100,75,30,65,100,65,10,10,35,65,20
M|40,46,66,25,50,100,70,31,75,100,45,0,26,66,66,16
M|37,60,70,25,43,95,65,6,62,100,80,43,25,53,60,41
M|37,60,55,37,50,100,65,18,50,100,75,25,25,55,60,31
M|37,55,75,50,43,95,70,12,68,100,70,37,25,33,33,41
M|37,55,55,43,37,95,75,25,43,100,80,37,25,45,55,50
M|37,55,55,37,50,100,65,18,62,100,75,25,25,55,60,31
M|37,50,75,56,50,95,70,6,62,100,70,37,16,33,40,50
M|37,50,75,56,50,95,70,18,62,100,70,37,25,33,40,50
M|37,50,55,37,56,100,85,12,56,100,80,25,33,60,66,25
M|35,75,75,43,35,100,60,12,70,100,75,25,13,20,53,8
M|35,75,70,43,40,100,65,12,80,100,70,25,13,40,60,16
M|33,66,66,50,25,95,90,31,68,100,90,18,25,40,66,50
M|33,66,66,50,25,95,90,25,68,100,85,18,25,40,66,50
M|33,66,66,41,31,100,90,31,68,100,65,6,25,60,66,33
M|31,75,75,56,31,95,75,0,68,100,85,50,16,26,46,25
M|31,70,75,56,31,100,75,18,50,100,85,31,16,33,53,16
M|31,60,65,31,62,100,55,12,62,100,75,37,41,53,46,25
M|31,60,65,31,62,100,55,12,50,100,75,37,41,46,46,25
M|31,56,62,55,62,100,87,15,62,100,87,45,41,50,50,33
M|31,55,60,31,62,100,50,12,50,100,75,37,41,66,53,25
M|31,40,60,31,56,100,70,12,43,95,80,37,37,50,50,37
M|30,65,50,30,35,100,80,35,75,100,60,0,5,35,60,30
M|30,65,45,25,35,100,75,45,75,100,50,0,10,35,70,15
M|30,55,75,25,65,100,50,0,35,100,85,50,40,53,46,8
M|30,55,70,31,70,100,50,6,45,100,70,50,33,60,53,25
M|25,75,60,40,35,95,75,20,65,100,80,25,13,53,53,26
M|25,70,75,50,37,95,75,6,62,100,85,37,25,46,60,41
M|25,70,75,50,25,95,75,12,62,100,85,37,25,46,60,41
M|25,70,75,43,37,95,75,12,62,100,85,37,25,46,60,41
M|25,65,50,35,25,95,80,20,60,100,60,15,12,60,52,24
M|25,65,50,35,20,95,85,25,60,100,70,15,20,50,70,35
M|25,60,75,50,43,95,75,12,43,100,85,37,33,53,60,41
M|25,60,50,35,15,95,85,25,60,100,70,15,20,50,70,35
M|25,55,70,43,43,95,60,12,12,100,80,43,8,60,66,25
M|25,50,60,50,56,100,75,12,56,100,75,43,33,60,66,50
M|25,50,60,43,50,95,80,25,43,95,80,31,33,66,66,50
M|25,50,50,43,37,95,75,25,37,100,85,31,31,50,55,31
M|25,45,60,50,50,95,65,18,45,100,80,25,26,66,66,50
M|20,65,45,20,15,85,95,45,60,100,80,0,5,35,65,25
M|20,60,45,20,15,85,95,50,60,100,80,0,10,45,65,25
M|20,60,40,20,15,85,95,50,60,100,60,0,10,45,65,25
M|20,45,65,37,70,100,60,12,35,95,75,37,40,66,66,41
M|20,35,65,37,65,100,60,12,35,95,75,37,40,66,66,41
M|18,50,60,43,43,100,80,25,31,95,85,31,12,50,55,43
M|0,68,40,0,48,88,96,53,20,96,60,3,10,35,50,0
K|8,40,46,25,56,100,90,37,56,75,80,43,41,6,0,50
K|50,66,66,53,50,100,100,60,58,91,75,66,50,16,8,53
K|50,66,66,53,50,100,100,60,58,91,75,66,25,16,8,53
K|50,66,66,53,33,100,100,60,66,83,75,66,37,6,6,55
K|50,66,66,50,50,93,93,50,50,86,93,50,56,15,20,56
K|50,66,66,50,25,100,100,58,66,91,75,66,50,8,8,50
K|50,66,66,41,50,100,93,33,58,86,86,41,43,10,20,56
K|50,66,33,33,58,93,100,33,58,86,100,16,50,15,35,43
K|50,53,60,33,50,93,93,41,41,80,93,41,50,26,26,41
K|50,53,46,8,58,93,100,58,33,86,100,16,50,20,40,56
K|41,66,66,33,66,100,86,33,50,80,93,33,56,5,30,43
K|41,53,66,16,58,100,100,33,25,100,93,41,37,30,15,37
K|41,53,60,33,50,93,93,50,41,86,100,33,50,15,30,50
K|41,40,60,33,58,100,100,58,33,86,100,41,50,30,25,56
K|41,40,60,33,50,100,93,50,33,86,100,33,50,25,25,56
K|40,66,66,33,60,100,93,50,33,80,100,25,40,15,30,43
K|40,60,53,25,46,100,93,58,46,93,86,16,55,10,35,37
K|40,60,46,33,33,93,100,58,40,86,100,16,35,10,35,31
K|33,66,66,50,37,100,100,31,50,55,60,62,25,6,0,33
K|33,66,66,50,33,93,93,50,50,86,93,50,56,15,20,56
K|33,66,66,33,53,100,80,33,40,80,93,33,50,5,35,43
K|33,66,66,25,58,93,100,41,33,80,93,41,50,15,20,50
K|33,66,53,50,50,93,100,33,41,80,93,33,56,20,20,37
K|33,60,66,50,37,100,100,37,50,55,60,62,25,6,0,33
K|33,60,66,25,31,95,100,31,68,50,65,50,8,0,6,33
K|33,60,53,50,50,93,93,33,33,86,93,33,56,25,15,31
K|33,60,33,16,40,95,90,43,75,40,75,25,0,0,33,16
K|33,53,33,16,40,100,90,43,70,50,80,25,0,0,33,16
K|33,46,33,16,41,100,100,66,50,93,93,8,56,20,45,18
K|33,40,33,25,40,100,90,37,60,65,75,31,26,0,20,33
K|26,66,46,25,20,100,95,56,65,50,70,50,0,0,13,41
K|26,66,46,25,20,100,100,56,65,50,70,50,0,0,13,41
K|26,60,46,33,26,100,100,58,46,93,100,16,35,10,35,31
K|26,60,33,16,40,93,100,58,60,80,80,8,40,5,50,25
K|26,53,46,25,53,100,100,58,33,93,93,16,45,20,25,43
K|26,40,60,33,60,100,95,18,45,65,70,50,33,6,6,25
K|26,40,60,33,60,100,90,18,45,65,70,50,33,6,6,25
K|26,40,53,33,60,100,90,18,45,65,70,50,33,6,6,25
K|26,40,33,25,26,100,93,50,40,86,86,8,50,20,35,37
K|25,66,66,50,58,100,93,50,33,93,93,50,56,25,20,56
K|25,46,53,50,41,93,100,33,25,93,93,58,50,25,15,37
K|25,41,33,26,66,100,100,80,25,100,100,33,43,25,12,60
K|25,40,66,50,75,100,93,50,25,93,93,50,37,30,20,56
K|25,40,66,50,75,100,93,50,16,93,93,50,37,30,20,56
K|25,40,46,25,58,100,93,75,25,93,100,33,50,35,30,50
K|25,40,46,25,58,100,100,75,25,93,100,25,50,35,30,50
K|25,40,46,25,50,100,93,75,33,93,100,33,50,25,30,50
K|25,33,53,16,62,95,100,43,56,75,70,62,41,6,6,25
K|25,33,40,25,62,100,95,37,43,80,85,50,33,6,13,50
K|25,33,40,25,56,100,95,37,62,75,75,50,33,0,13,50
K|20,53,46,25,53,100,100,66,26,86,100,16,50,20,30,43
K|20,46,46,33,65,100,95,31,40,65,70,43,40,6,13,41
K|20,46,46,25,60,100,100,66,26,86,100,16,50,20,30,43
K|20,46,46,16,80,100,86,16,33,86,100,25,60,15,35,43
K|20,33,60,16,73,100,93,41,33,93,100,16,50,25,25,43
K|20,33,46,25,73,100,93,41,20,100,100,16,30,25,35,43
K|16,40,66,33,50,100,100,58,16,86,100,41,50,35,25,56
K|16,33,46,8,75,100,100,33,33,93,93,16,56,25,40,37
K|13,46,40,33,65,100,95,31,50,65,70,43,40,6,13,41
K|11,41,72,33,69,97,58,3,27,86,91,60,44,8,5,26
K|0,26,46,16,80,100,90,18,45,70,80,50,46,13,0,25
J|53,0,26,16,66,0,46,58,73,93,100,33,33,26,33,8
J|53,0,26,16,66,0,46,58,73,100,100,33,40,40,50,0
J|50,6,13,33,75,40,40,66,75,100,100,50,0,30,30,0
J|50,16,0,53,75,8,0,73,75,100,100,80,37,50,50,30
J|50,16,0,53,75,8,0,73,75,100,100,80,25,33,50,20
J|50,13,6,41,75,20,26,66,75,100,100,50,37,30,50,12
J|50,13,26,33,75,20,26,66,75,86,86,50,25,46,33,8
J|50,13,26,33,75,20,26,66,75,100,100,75,33,40,33,8
J|50,13,13,41,75,66,46,75,33,80,100,41,0,0,20,0
J|50,0,20,33,75,6,40,66,75,86,86,58,25,60,66,0
J|50,0,20,33,75,6,26,66,75,93,86,58,25,60,53,0
J|50,0,20,33,75,6,26,66,75,86,86,58,25,60,60,0
J|50,0,0,16,75,46,60,66,75,100,100,41,12,30,10,0
J|46,6,6,41,66,60,53,58,60,93,100,33,0,0,20,0
J|46,6,20,33,73,6,40,66,80,100,100,41,30,40,50,0
J|46,13,26,33,73,13,40,58,60,100,100,41,0,30,50,12
J|41,6,6,25,75,26,20,75,75,100,93,41,25,50,50,12
J|41,6,13,33,75,40,33,66,75,100,100,50,25,30,30,0
J|41,6,13,33,75,40,33,58,75,100,100,41,25,30,30,0
J|41,16,0,53,75,16,0,66,75,100,100,73,37,50,50,30
J|41,0,13,33,75,20,20,75,75,86,100,58,16,53,40,8
J|40,6,13,33,80,20,46,66,66,100,100,33,30,40,20,0
J|40,0,6,8,66,6,26,66,66,80,73,50,40,66,66,8
J|40,0,6,8,66,6,26,66,66,66,73,50,40,66,66,8
J|40,0,33,25,73,13,33,58,66,80,86,58,33,60,60,0
J|40,0,33,25,73,13,33,58,66,80,80,58,33,66,60,0
J|40,0,26,25,80,20,46,58,73,100,100,25,30,40,40,0
J|40,0,0,0,73,13,6,25,66,80,86,58,33,60,60,0
J|33,6,6,33,75,26,20,66,75,93,93,66,41,53,60,8
J|33,6,6,16,75,20,26,66,75,86,80,66,41,66,60,8
J|33,6,6,16,75,20,26,58,75,86,86,66,41,66,60,8
J|33,6,20,25,73,13,33,58,73,80,93,41,40,53,40,0
J|33,6,13,41,73,13,46,66,60,100,100,41,30,50,30,0
J|33,20,6,25,50,26,13,75,66,80,73,75,25,66,66,25
J|33,20,6,25,50,26,13,75,66,73,73,75,25,66,66,25
J|33,13,6,6,66,20,40,66,60,100,100,33,20,46,33,0
J|33,13,6,33,75,26,20,66,75,86,93,66,41,53,46,8
J|33,13,6,25,66,20,20,75,75,93,73,75,41,40,66,25
J|33,13,13,41,75,13,20,66,75,93,100,50,41,40,33,8
J|33,13,13,41,75,13,20,66,75,93,100,50,37,50,50,12
J|33,13,13,41,75,13,20,66,75,93,100,50,25,40,33,8
J|33,13,13,41,75,13,20,66,75,86,100,50,25,40,33,8
J|33,13,13,41,75,13,20,66,75,100,100,50,37,50,50,12
J|26,6,26,16,73,13,33,58,66,100,93,58,33,60,53,8
J|26,0,6,8,73,6,33,58,80,86,100,33,20,46,60,0
J|26,0,26,33,73,0,33,66,60,86,93,41,40,46,40,0
J|26,0,20,8,80,0,33,50,66,86,93,33,33,66,60,0
J|26,0,20,16,73,0,40,58,66,86,93,33,53,66,53,0
J|25,6,26,33,75,20,26,75,75,73,80,58,37,50,50,12
J|25,0,26,33,75,20,26,75,75,73,80,58,37,50,50,12
J|25,0,20,33,66,6,26,66,75,73,73,66,50,66,66,8
J|25,0,13,33,50,20,20,75,66,73,80,66,50,66,66,16
J|25,0,13,33,50,20,20,75,66,73,73,66,50,66,66,16
J|25,0,13,33,50,20,13,75,66,73,73,66,50,66,66,16
J|25,0,13,25,75,13,26,66,75,93,93,58,41,60,46,8
J|25,0,13,25,75,13,26,58,75,100,100,58,33,53,40,8
J|25,0,13,25,75,13,26,58,75,100,100,58,25,53,40,8
J|20,6,6,33,73,66,33,60,6,73,100,40,0,0,20,0
J|20,0,20,8,73,13,26,66,73,80,100,41,40,60,46,8
J|20,0,20,16,73,13,26,66,73,80,100,41,40,60,46,8
J|20,0,20,16,73,13,26,66,66,66,93,50,40,66,53,8
J|20,0,13,16,66,13,26,66,80,80,93,50,33,60,60,0
J|16,0,20,33,58,6,26,66,75,86,93,50,8,53,53,0
J|13,6,13,26,73,20,26,66,53,100,100,46,20,46,33,13
J|13,0,20,33,66,13,33,66,73,86,100,41,26,60,33,8
H|5,65,60,30,0,50,75,45,65,95,80,20,13,33,66,26
H|50,75,55,37,15,75,60,25,65,100,75,25,13,33,46,16
H|50,70,70,18,15,75,55,31,55,95,80,31,20,20,46,16
H|50,68,62,40,25,68,75,40,56,93,81,40,8,25,41,53
H|50,66,66,53,25,50,66,26,25,50,66,26,56,75,75,60
H|50,66,66,50,50,80,80,33,0,60,60,25,56,75,75,56
H|50,66,66,40,25,50,66,13,25,50,66,26,56,75,75,60
H|50,66,66,33,37,75,70,43,50,80,75,37,41,53,53,33
H|50,66,66,33,31,60,70,25,37,75,70,50,41,46,53,25
H|50,66,66,26,37,62,75,40,37,62,75,40,33,66,66,53
H|50,66,60,50,25,65,65,37,50,75,70,43,25,53,60,25
H|50,60,66,25,31,80,60,50,43,90,75,37,25,46,46,41
H|50,60,60,50,25,70,65,37,50,75,70,43,16,53,60,25
H|50,55,55,25,25,70,70,31,50,85,75,25,16,46,53,25
H|50,53,46,25,37,85,75,25,37,70,55,25,33,60,66,41
H|50,46,46,25,43,85,80,25,37,70,50,25,50,66,66,50
H|50,41,50,33,43,81,93,35,37,62,75,25,50,66,66,40
H|4,80,45,23,0,66,69,42,73,95,47,2,14,45,62,0
H|45,70,45,25,15,70,65,31,75,90,65,18,6,40,53,16
H|43,55,60,31,37,75,60,18,37,75,85,56,33,46,26,25
H|41,53,53,25,43,85,75,25,43,75,60,31,41,66,53,41
H|41,46,66,41,37,80,60,31,25,75,75,43,33,66,53,41
H|41,46,66,41,37,80,60,31,25,75,70,43,33,66,53,41
H|40,66,66,33,30,75,60,31,30,85,80,25,13,66,33,33
H|40,60,53,25,20,70,70,31,35,85,60,25,40,46,53,33
H|40,53,53,25,30,80,75,31,35,80,65,31,33,60,60,50
H|37,75,70,37,6,50,75,37,56,100,90,50,16,33,40,16
H|37,68,56,30,18,50,87,35,56,81,87,50,25,33,33,46
H|37,45,60,31,43,75,60,18,31,75,85,56,25,53,40,25
H|33,66,66,50,37,70,70,31,25,70,85,56,33,60,33,25
H|33,53,66,25,55,85,65,31,25,70,75,25,33,53,60,16
H|33,53,60,25,40,85,75,25,35,75,60,31,46,66,53,41
H|33,53,40,25,35,75,75,31,35,80,60,25,40,60,60,33
H|33,46,66,25,62,90,65,31,12,70,75,50,33,66,60,33
H|31,55,60,25,43,80,55,12,37,80,80,43,41,46,33,25
H|31,45,60,25,50,80,55,12,43,70,80,43,41,60,33,25
H|30,70,45,15,10,70,70,50,70,100,70,15,6,33,60,20
H|26,53,66,33,60,85,60,18,30,75,75,50,40,66,40,25
H|26,53,53,33,30,85,70,31,35,90,60,31,46,66,60,33
H|26,53,40,25,35,75,90,31,35,80,70,25,40,60,60,33
H|25,65,45,15,10,65,70,50,55,90,70,15,13,40,66,20
H|25,65,45,15,10,65,70,50,55,85,70,10,13,40,66,20
H|25,60,66,25,43,75,70,25,31,75,70,50,50,46,60,33
H|25,60,65,43,31,70,65,31,43,90,85,43,25,40,53,33
H|25,60,65,43,12,65,65,31,50,90,85,43,25,40,40,33
H|25,60,60,25,31,80,65,25,37,80,80,37,33,53,53,25
H|25,50,65,37,31,60,75,31,25,80,85,43,33,53,60,33
H|25,50,50,31,45,90,65,25,35,80,75,50,40,53,53,25
H|25,46,53,25,37,80,75,37,31,80,70,31,50,60,66,41
H|25,46,46,25,43,90,80,25,31,70,55,25,50,66,66,41
H|2,38,72,20,71,95,35,5,9,83,88,60,36,58,22,0
H|20,70,55,30,10,60,70,35,55,85,80,25,6,33,53,33
H|20,70,55,30,10,60,70,30,55,85,80,25,5,25,50,30
H|20,60,35,10,0,60,80,55,55,80,65,10,10,35,55,35
H|16,53,53,25,37,75,70,31,25,70,70,37,41,66,60,50
G|8,66,66,26,68,75,68,75,75,37,87,75,41,25,33,26
G|8,66,66,25,62,80,70,62,68,60,90,75,25,46,26,8
G|8,66,66,25,62,80,70,62,62,60,90,75,16,46,26,8
G|8,66,66,25,62,80,70,56,68,60,90,68,25,46,26,8
G|8,66,66,25,62,80,60,56,68,60,95,75,25,33,26,16
G|8,66,66,25,62,70,55,56,68,60,95,75,25,26,26,16
G|8,66,53,8,50,75,75,50,75,65,85,37,25,40,40,8
G|8,60,66,16,50,80,73,66,75,66,73,75,43,35,75,50
G|8,60,66,16,50,75,65,68,68,50,95,75,33,33,53,25
G|8,60,60,8,62,80,80,50,75,60,85,68,41,40,46,16
G|8,60,53,0,62,80,80,31,75,60,75,68,41,40,66,33
G|8,58,66,26,68,75,68,75,75,43,87,75,41,33,50,26
G|8,58,66,26,68,75,68,75,75,43,87,75,41,33,50,20
G|8,58,66,13,68,68,56,70,75,50,75,70,25,16,66,46
G|8,46,66,8,62,80,75,62,75,55,80,68,25,33,46,25
G|8,46,53,0,68,85,80,50,75,55,70,56,25,33,66,16
G|8,46,46,0,68,80,80,50,75,55,70,62,33,53,66,16
G|6,70,75,6,68,65,60,56,75,70,95,37,41,33,13,0
G|6,70,70,6,68,65,70,62,68,55,90,50,25,6,40,16
G|6,65,65,6,68,60,65,50,68,70,95,68,41,40,46,16
G|6,60,53,0,60,70,85,43,80,60,85,37,46,40,60,0
G|6,60,53,0,60,70,80,43,80,60,85,50,46,40,66,16
G|6,50,50,6,62,80,80,50,68,60,80,75,33,33,60,33
G|6,50,45,6,56,70,75,50,68,55,80,75,33,33,60,33
G|5,55,50,0,60,75,65,50,75,65,90,50,40,46,40,16
G|5,55,50,0,55,80,70,56,70,65,90,50,40,40,40,16
G|5,55,40,0,65,70,75,43,75,60,95,56,40,46,40,16
G|5,50,45,6,45,75,80,50,65,65,80,75,26,33,60,33
G|5,50,45,0,60,75,80,43,75,65,85,56,33,26,60,25
G|3,66,80,16,55,38,41,75,63,63,77,47,0,36,66,0
G|3,60,76,16,55,38,52,72,72,55,69,44,0,43,76,0
G|18,68,75,15,75,62,56,75,75,37,87,70,16,8,41,26
G|18,60,65,12,68,65,80,62,68,70,85,62,0,20,46,16
G|16,66,60,8,68,75,80,43,75,50,90,68,41,26,33,25
G|15,75,65,6,70,70,60,56,70,70,100,43,40,20,13,0
G|15,75,65,6,70,70,60,56,70,65,100,43,40,20,13,0
G|15,75,65,0,70,100,70,50,70,70,100,43,40,20,6,0
G|15,65,50,0,50,55,75,62,65,50,85,50,6,6,40,25
G|15,55,45,6,60,80,75,50,80,60,90,50,20,26,46,16
G|13,60,60,0,55,85,80,56,65,60,75,62,33,33,66,16
G|12,70,75,18,68,75,65,62,75,55,95,56,33,26,6,0
G|12,60,70,12,75,65,75,62,75,55,85,62,0,20,46,16
G|12,60,70,12,75,60,65,56,75,60,85,62,0,20,46,16
G|12,60,60,6,75,70,80,56,75,60,90,56,0,6,46,16
G|12,55,70,12,75,75,75,62,75,65,85,62,0,20,46,16
G|12,50,70,6,68,75,80,56,75,70,90,62,25,26,40,16
G|12,50,55,6,62,75,80,56,75,60,85,75,41,26,40,8
G|10,70,65,0,65,65,65,37,75,60,90,56,26,26,40,0
G|10,70,65,0,65,65,65,37,60,60,90,56,26,26,40,0
G|10,55,40,0,65,80,80,25,70,60,85,56,33,40,60,16
G|10,50,45,6,60,70,85,43,80,65,90,50,33,40,66,16
G|0,60,60,0,56,70,75,56,75,60,80,50,50,33,60,33
G|0,58,66,6,62,75,68,70,75,43,75,80,50,33,66,46
G|0,58,66,6,56,75,68,70,75,43,75,70,50,25,66,46
G|0,53,66,16,62,85,80,62,75,60,85,75,33,33,53,41
G|0,53,60,0,43,80,75,68,75,55,70,75,41,40,66,33
G|0,53,53,0,56,75,75,50,75,60,80,75,41,40,66,33
G|0,46,66,16,66,80,80,58,58,73,73,75,50,35,75,31
G|0,46,46,0,62,80,90,43,68,60,80,62,33,40,66,33
G|0,45,55,6,62,70,70,56,68,55,85,75,25,33,60,25
G|0,45,55,6,62,70,70,56,68,55,85,75,25,33,46,25
G|0,45,50,6,56,70,70,56,68,65,90,75,41,33,53,41
G|0,45,50,6,50,75,85,62,68,60,90,75,25,33,53,41
G|0,40,46,0,62,85,95,50,75,65,75,68,50,40,66,33
G|0,40,40,0,68,85,95,50,75,65,75,68,50,40,66,33
F|6,33,40,16,66,100,93,58,60,53,46,0,35,40,30,0
F|53,66,66,16,66,86,86,50,73,53,20,0,33,40,6,0
F|50,66,66,53,75,66,83,26,75,50,75,0,37,25,25,0
F|50,66,66,33,75,75,83,53,75,25,50,0,50,16,33,0
F|50,66,60,25,75,66,80,58,75,53,20,0,37,30,10,0
F|50,66,41,26,75,83,83,53,75,50,50,0,50,16,33,0
F|50,66,41,26,75,83,83,53,75,41,50,0,50,16,33,0
F|50,53,46,25,75,100,100,50,75,53,26,0,37,20,10,0
F|46,66,66,33,66,80,73,33,60,40,20,0,30,20,10,0
F|41,66,66,41,50,93,86,33,75,60,40,0,37,20,20,0
F|41,41,50,26,75,100,100,53,75,50,58,0,50,16,33,0
F|40,66,60,25,73,100,86,33,80,53,20,0,46,26,6,0
F|40,53,53,25,66,100,86,33,80,46,6,0,46,0,0,0
F|40,40,33,8,80,100,100,50,80,60,20,0,40,40,13,0
F|33,66,66,33,66,93,80,50,75,66,40,0,50,20,13,0
F|33,66,66,33,66,93,80,50,75,60,40,0,50,20,13,0
F|33,66,60,16,60,100,100,75,66,60,40,0,33,26,20,0
F|33,66,53,33,66,86,100,66,60,66,40,0,40,20,6,0
F|33,66,53,33,66,86,100,66,60,66,26,0,40,20,6,0
F|33,66,53,33,66,86,100,66,60,66,26,0,26,13,6,0
F|33,66,33,25,66,86,100,75,75,53,40,0,37,20,10,0
F|33,60,40,8,58,100,93,66,75,53,40,8,50,20,20,0
F|33,60,40,8,50,100,93,66,75,53,40,8,50,20,20,0
F|33,60,33,16,58,86,100,75,75,60,46,0,41,40,20,0
F|33,58,58,46,75,91,100,60,75,50,75,0,41,25,41,0
F|33,53,40,16,66,93,93,50,60,66,26,0,46,33,6,0
F|33,46,66,41,75,100,80,25,75,60,40,0,16,26,26,0
F|33,46,60,41,75,93,73,33,75,60,40,0,41,40,26,0
F|33,46,33,13,53,93,100,66,53,66,46,6,40,35,20,0
F|33,40,33,8,80,93,100,58,60,53,20,0,40,26,13,0
F|33,33,26,0,60,100,100,58,60,60,40,16,45,25,10,0
F|26,66,40,16,66,100,93,58,73,53,40,0,40,33,13,0
F|26,60,60,33,53,93,93,66,66,60,33,0,33,26,26,0
F|26,60,60,25,73,86,93,50,73,46,20,0,46,26,13,0
F|26,60,60,25,66,86,93,50,66,60,20,0,46,26,13,0
F|26,60,60,16,73,86,93,50,73,53,20,0,46,26,13,0
F|26,60,53,25,73,100,93,33,73,73,20,0,40,26,13,0
F|26,60,53,25,73,100,93,33,73,53,20,0,40,26,13,0
F|26,60,53,25,73,100,93,33,73,46,20,0,40,26,13,0
F|26,60,33,16,60,100,100,66,60,60,33,8,46,33,13,0
F|26,60,20,0,53,93,100,58,60,60,60,41,40,26,13,0
F|26,53,53,25,73,100,93,33,73,60,20,0,45,30,20,0
F|26,53,33,16,73,93,100,66,73,60,26,0,46,26,6,0
F|26,53,0,0,46,93,86,26,53,46,73,60,33,20,13,0
F|26,46,20,0,60,100,100,58,80,60,33,8,53,33,13,0
F|26,40,0,0,60,80,93,41,80,60,53,33,46,40,13,0
F|26,33,26,0,73,100,100,58,73,60,53,0,55,30,10,0
F|25,60,60,25,75,86,93,50,75,60,20,0,41,26,13,0
F|25,60,53,50,75,100,93,58,75,66,40,0,33,33,26,0
F|25,60,33,16,50,86,100,75,66,60,40,0,33,40,20,0
F|25,46,40,25,75,100,93,41,75,60,33,0,50,26,13,0
F|25,40,40,25,75,100,93,41,75,60,40,0,50,33,13,0
F|20,53,0,0,46,100,46,0,80,46,100,53,0,65,25,25
F|20,40,6,0,46,100,100,40,66,73,66,40,30,30,25,0
F|16,46,60,41,75,93,80,33,66,60,40,0,33,26,26,0
F|16,46,53,41,75,100,93,33,75,60,33,0,56,35,20,0
F|16,46,0,0,50,93,86,33,66,80,46,25,25,40,6,0
F|13,66,46,25,60,93,100,50,80,60,20,0,40,33,6,0
F|13,33,13,0,60,100,100,58,73,60,46,8,46,26,13,0
F|10,67,42,16,35,78,100,75,64,46,42,12,33,33,0,0
F|0,46,6,0,40,73,86,13,66,53,93,66,0,40,26,13
E|8,33,46,25,66,100,100,75,66,66,66,75,50,40,30,56
E|8,33,46,25,66,100,100,75,66,66,66,75,50,30,35,56
E|8,30,46,48,64,96,83,76,72,53,36,68,60,27,8,30
E|6,26,40,16,53,100,100,58,73,80,53,50,55,40,30,43
E|50,66,66,53,75,75,66,66,75,50,50,60,37,12,0,0
E|50,66,66,53,75,66,66,66,75,50,50,60,37,25,25,30
E|50,66,66,50,75,86,93,75,75,60,60,75,41,26,20,25
E|50,66,66,50,75,86,86,75,66,60,60,75,33,26,20,25
E|50,66,66,50,75,100,86,75,75,100,60,75,41,33,20,25
E|50,66,66,40,75,75,83,73,75,33,50,60,50,25,33,40
E|50,66,66,26,75,83,83,73,75,41,50,60,50,16,33,40
E|50,66,66,26,75,83,83,73,75,41,50,60,50,0,0,40
E|50,53,60,50,75,86,80,75,66,60,53,75,50,40,13,50
E|50,53,46,33,75,93,100,66,75,60,46,50,37,30,30,31
E|50,46,46,33,75,100,100,66,75,60,40,58,37,35,30,31
E|50,46,46,33,75,100,100,66,75,60,40,50,37,30,30,31
E|46,60,66,33,66,86,80,50,60,53,40,50,20,33,13,16
E|46,60,60,50,73,86,80,50,66,60,60,50,53,40,13,33
E|46,53,66,33,66,86,80,50,60,66,40,50,13,20,13,33
E|41,66,66,50,75,86,86,75,50,60,53,75,33,26,13,25
E|41,66,66,33,75,86,86,75,50,60,53,75,33,26,13,25
E|40,66,46,16,66,86,93,58,73,53,46,66,40,40,20,33
E|40,60,66,41,73,93,93,75,66,60,60,66,46,40,33,33
E|40,60,66,41,73,93,93,75,60,60,60,66,46,40,33,33
E|40,60,66,41,73,100,93,58,66,73,60,66,46,40,26,25
E|40,60,60,16,66,80,86,50,66,60,60,58,26,33,33,33
E|40,60,60,16,66,80,86,50,66,46,60,58,26,26,33,33
E|33,60,46,25,75,100,86,66,75,66,53,58,50,26,33,50
E|33,53,66,41,75,93,80,58,75,60,46,66,41,33,33,41
E|33,53,66,41,75,93,80,58,75,60,46,50,41,40,33,25
E|33,53,53,33,60,100,100,66,73,66,53,58,40,33,26,41
E|33,53,40,16,66,93,93,58,60,73,60,58,46,26,20,33
E|33,53,40,16,66,93,93,58,60,60,60,33,53,33,6,0
E|33,46,53,8,66,100,93,41,60,60,53,58,40,25,20,25
E|33,46,53,16,75,100,93,66,75,73,46,75,37,25,30,37
E|33,46,53,16,75,100,93,66,75,66,46,75,37,25,30,37
E|33,46,40,8,66,86,100,75,75,60,46,66,43,35,25,43
E|33,40,33,8,73,93,100,58,73,60,53,58,50,45,35,37
E|33,33,40,33,75,100,100,66,75,60,53,66,43,40,30,37
E|26,76,73,51,50,73,76,65,63,50,30,48,25,4,12,28
E|26,53,46,8,66,93,100,58,73,60,53,50,25,15,25,37
E|26,46,46,33,60,86,86,50,66,66,60,50,40,40,26,50
E|26,40,53,33,73,100,86,50,66,73,60,50,40,40,26,50
E|26,40,40,8,73,100,100,58,80,60,53,58,50,35,35,37
E|26,40,20,25,53,100,100,75,60,66,53,66,50,30,30,31
E|26,40,20,0,50,85,100,65,60,60,55,60,0,6,20,33
E|25,75,75,64,43,80,73,68,63,50,33,54,37,12,16,32
E|25,53,53,25,66,100,100,75,66,80,53,75,43,45,25,50
E|25,46,66,41,75,93,80,58,75,60,53,75,33,40,33,41
E|25,46,53,16,75,100,93,75,66,60,53,75,37,35,25,37
E|25,40,40,25,75,100,100,66,75,86,60,66,25,25,30,43
E|25,33,46,33,75,100,93,66,75,66,53,66,25,35,30,37
E|25,33,40,25,75,100,100,58,75,60,73,75,50,30,25,25
E|25,26,40,25,75,100,100,58,66,60,60,75,56,35,25,37
E|20,66,63,48,50,76,80,68,60,50,33,48,37,4,12,32
E|20,60,66,25,80,100,86,58,73,66,53,58,40,35,15,18
E|20,53,60,8,73,86,80,50,73,60,53,50,40,33,20,16
E|20,46,60,41,73,100,80,66,66,80,46,66,30,30,20,31
E|20,46,60,41,73,100,80,58,66,66,46,75,35,30,20,31
E|20,40,53,16,73,100,80,66,66,66,46,50,45,30,20,25
E|16,46,40,33,75,100,100,66,75,60,53,75,43,35,30,50
E|16,33,40,33,75,100,100,66,75,73,53,75,43,40,30,50
E|13,60,66,41,60,93,93,75,60,66,53,66,46,40,33,33
E|13,46,53,33,73,100,100,66,73,66,46,58,40,40,25,25
E|13,40,53,33,66,100,100,66,73,66,40,58,40,45,25,25
E|13,40,33,16,80,100,100,50,73,73,73,58,50,25,25,37
E|13,26,40,16,73,100,100,58,73,73,53,50,55,40,30,43
E|0,26,53,33,66,100,100,50,73,73,40,66,40,45,25,25
E|0,20,46,16,66,100,100,50,73,66,60,58,50,35,30,31
E|0,19,61,22,63,100,66,50,55,50,36,52,30,19,2,0
D|50,70,45,25,70,45,70,56,55,85,90,12,0,40,33,0
D|50,66,66,53,75,50,33,66,75,58,41,80,18,75,75,35
D|50,66,66,53,75,50,33,66,75,58,41,73,18,75,75,35
D|50,66,66,50,75,73,66,75,66,53,53,50,18,75,70,18
D|50,66,66,40,75,56,50,75,68,75,56,70,8,58,66,13
D|50,66,66,33,75,56,50,75,68,68,56,75,8,58,66,13
D|50,66,66,33,75,56,50,70,68,75,62,65,8,58,66,13
D|50,66,60,50,68,65,60,75,50,80,75,62,0,53,40,0
D|50,66,33,26,75,62,50,70,68,68,56,75,8,66,66,20
D|50,60,66,25,56,55,60,75,50,75,75,50,8,60,46,0
D|50,60,66,25,56,55,60,75,50,75,75,37,8,60,46,0
D|50,60,60,25,75,60,60,68,50,85,85,43,0,33,53,0
D|50,60,53,33,75,70,70,75,56,65,70,43,8,66,60,0
D|50,60,40,16,68,60,75,75,62,70,65,43,25,66,60,8
D|50,58,33,26,75,62,50,70,68,68,56,75,8,66,66,20
D|50,58,33,20,75,56,75,80,75,56,50,70,16,66,66,20
D|50,58,33,20,75,56,75,80,75,56,50,65,16,66,66,20
D|45,70,50,25,70,45,70,56,55,85,90,18,0,46,33,0
D|45,45,40,18,65,55,85,50,65,65,90,31,13,66,46,0
D|43,75,70,43,75,45,55,75,56,85,95,37,0,33,33,0
D|43,75,70,37,75,45,60,68,43,80,95,31,0,33,20,0
D|43,70,60,43,75,50,50,75,56,85,90,37,0,33,33,0
D|43,65,60,43,75,50,45,75,56,85,90,37,0,33,33,0
D|41,66,66,41,75,55,65,75,50,75,85,43,8,46,40,8
D|41,66,66,26,75,56,50,70,68,68,56,75,8,66,66,20
D|41,66,66,25,75,55,70,68,62,75,80,62,8,46,46,8
D|41,60,66,41,68,65,65,75,56,75,75,62,8,53,46,0
D|40,66,66,33,70,50,70,56,50,65,85,43,0,66,40,8
D|40,66,66,25,70,70,65,56,55,70,85,31,6,53,53,0
D|40,66,66,25,70,60,65,56,55,70,85,31,6,53,53,0
D|40,66,53,33,65,55,70,56,55,70,75,31,6,60,60,0
D|40,65,60,25,65,55,70,62,55,80,85,25,0,46,33,0
D|40,46,66,33,65,65,70,56,50,65,80,50,0,66,53,8
D|37,75,55,31,75,55,70,68,43,80,85,37,0,40,33,0
D|37,65,70,43,68,60,50,68,50,85,90,37,0,40,26,0
D|37,65,60,43,75,55,55,75,56,80,85,43,0,33,40,0
D|37,55,15,6,75,65,85,75,75,65,75,43,25,66,60,8
D|37,50,55,43,75,65,60,75,43,80,80,50,0,46,46,0
D|33,66,33,20,43,50,75,80,75,68,56,70,8,66,66,20
D|31,65,60,43,75,55,55,75,56,80,85,43,0,33,40,0
D|30,50,55,37,75,80,70,56,40,70,80,31,6,53,40,0
D|30,50,55,37,75,55,70,56,40,80,80,31,6,53,46,0
D|26,70,60,36,53,63,70,73,70,43,43,50,36,83,66,2
D|26,66,66,33,65,70,65,56,55,70,80,31,0,66,46,0
D|26,66,60,41,65,60,65,68,40,70,75,50,6,53,53,0
D|25,60,70,30,70,50,65,65,50,75,90,40,6,46,33,0
D|25,55,65,25,75,55,55,62,50,70,90,37,6,53,40,0
D|25,46,66,41,75,75,60,56,62,70,75,50,0,60,60,0
D|25,45,50,43,62,65,65,68,56,70,80,50,0,66,46,0
D|20,40,60,33,65,80,60,56,55,75,75,50,0,66,60,8
D|18,55,65,43,68,70,60,75,50,80,85,43,0,46,40,0
D|18,45,70,37,75,70,45,68,50,75,85,43,8,60,40,0
D|18,45,70,37,75,65,45,68,50,75,85,43,0,60,40,0
D|18,40,70,37,75,70,55,75,50,75,75,50,8,60,40,0
D|18,40,70,37,75,70,50,75,50,75,80,50,8,60,46,0
D|15,50,70,37,70,65,60,62,55,75,85,37,0,46,40,0
D|15,50,70,37,70,65,60,62,55,65,85,37,0,46,40,0
C|8,66,66,8,66,73,73,58,75,20,20,75,50,15,30,43
C|8,66,66,46,75,75,66,80,75,25,0,66,50,31,0,35
C|8,66,66,25,66,80,86,50,75,20,26,58,50,25,10,43
C|8,66,66,25,66,80,80,50,75,20,26,58,50,25,10,37
C|8,66,66,25,66,80,80,50,75,20,20,58,50,25,10,37
C|8,66,66,16,66,80,86,50,75,20,26,58,50,25,10,37
C|8,60,66,8,58,80,80,58,75,20,20,75,50,15,15,50
C|8,58,58,6,75,68,56,70,75,6,6,80,25,0,16,40
C|8,53,66,16,58,86,86,41,75,26,20,75,37,15,15,50
C|8,53,60,16,50,93,93,41,75,26,40,75,37,15,15,50
C|8,53,53,16,50,86,86,41,75,26,20,75,37,15,15,50
C|8,50,66,26,68,75,56,75,75,18,0,60,41,16,0,20
C|8,41,58,13,75,75,56,70,75,6,6,80,25,0,8,40
C|8,41,58,13,75,75,56,70,75,6,6,80,25,0,8,33
C|8,41,58,13,68,81,62,70,75,6,0,80,50,8,0,20
C|8,41,58,13,68,81,62,70,75,6,0,75,25,0,0,26
C|8,41,58,13,68,81,62,70,75,12,0,70,25,0,0,26
C|8,41,58,13,68,75,68,70,75,12,0,70,25,0,0,26
C|8,41,58,0,68,87,75,65,75,6,0,75,25,0,0,26
C|8,41,50,13,68,81,56,70,75,6,0,70,25,0,0,26
C|6,66,53,0,65,75,75,50,65,10,40,56,40,13,13,16
C|6,65,70,6,62,65,60,56,68,35,10,56,41,26,0,0
C|6,60,83,30,60,63,26,66,60,36,30,61,16,80,4,6
C|6,60,53,8,60,65,70,50,65,10,35,62,33,20,13,8
C|6,60,53,0,65,75,75,43,75,10,35,56,33,13,0,16
C|6,53,60,8,40,75,75,50,65,20,25,75,26,13,13,33
C|6,53,60,0,50,70,80,37,75,10,40,56,33,6,6,25
C|6,53,53,8,55,70,70,50,70,15,25,62,33,13,6,16
C|6,53,53,0,60,70,85,43,80,10,35,56,33,13,6,16
C|6,53,53,0,60,70,70,43,80,10,35,56,33,13,6,16
C|6,53,53,0,55,75,80,56,65,10,30,62,33,6,13,25
C|6,53,46,0,60,75,80,50,75,10,40,50,40,6,20,33
C|6,46,60,0,50,65,80,37,70,10,35,56,33,6,6,25
C|6,46,46,0,50,80,85,50,70,10,40,50,40,6,20,33
C|6,40,20,0,50,75,85,43,70,15,35,56,33,0,26,33
C|6,40,20,0,50,75,85,37,70,15,35,50,33,0,6,33
C|6,33,26,0,50,80,85,31,80,10,35,50,40,0,20,16
C|5,55,50,0,60,65,65,50,80,15,40,50,40,20,6,8
C|5,50,45,6,50,75,70,50,65,20,30,62,26,13,13,25
C|5,50,45,6,45,75,70,50,65,20,25,75,26,13,13,33
C|3,60,73,16,46,63,66,72,70,13,36,56,38,27,69,6
C|3,43,60,16,40,70,73,64,70,13,26,72,44,25,72,13
C|31,68,68,15,75,37,43,80,37,0,18,75,0,0,33,33
C|15,55,50,0,50,50,70,56,65,10,30,50,6,0,26,25
C|13,66,46,0,65,65,90,25,70,0,45,56,33,0,33,16
C|13,60,46,0,65,75,80,50,70,5,40,50,13,0,33,25
C|13,60,46,0,60,73,86,50,80,6,40,50,60,0,45,18
C|12,60,60,6,75,50,65,62,68,20,35,62,0,0,33,16
C|12,60,60,6,75,50,65,62,68,20,35,56,0,0,33,16
C|10,45,40,0,60,70,85,43,80,10,40,50,33,13,6,16
C|0,60,66,8,56,70,60,56,75,25,20,68,33,20,0,0
C|0,60,66,8,43,75,65,68,62,30,20,75,33,20,6,25
C|0,60,60,8,56,75,65,68,68,25,20,75,33,6,6,25
C|0,60,60,0,56,85,65,62,75,25,25,75,33,26,0,16
C|0,53,66,8,56,65,60,56,75,20,10,68,33,13,0,0
C|0,53,53,8,45,75,80,56,70,20,30,68,33,13,6,25
C|0,53,53,8,43,95,80,50,75,25,20,75,41,20,6,33
C|0,53,53,8,43,80,80,50,75,20,20,75,41,20,6,33
C|0,53,53,8,43,75,80,50,75,20,20,75,41,20,6,33
C|0,50,58,6,62,81,62,70,75,12,0,80,50,16,0,40
C|0,50,58,6,50,81,62,70,75,25,0,70,50,16,0,46
C|0,46,66,8,62,80,65,62,75,25,20,68,25,20,0,25
C|0,46,66,8,50,70,75,50,68,25,20,75,25,20,0,33
C|0,46,60,8,56,80,75,56,75,20,20,75,41,13,6,16
C|0,46,46,0,50,80,80,43,75,10,40,56,26,0,6,16
C|0,40,40,0,68,80,80,50,75,20,25,62,50,20,13,25
C|0,40,40,0,56,75,80,50,75,20,20,75,33,20,6,25
C|0,40,33,0,68,80,80,43,75,20,25,62,50,20,13,25
C|0,40,33,0,56,75,80,43,75,15,20,62,41,13,6,25
C|0,33,46,8,55,80,85,43,75,15,35,56,40,6,20,25
C|0,33,46,0,55,80,85,43,75,15,40,56,40,6,20,25
C|0,33,46,0,55,80,85,43,75,10,40,56,40,0,20,25
C|0,33,40,0,62,75,85,43,75,15,35,62,41,6,26,33
C|0,33,40,0,55,80,85,43,75,15,35,56,40,6,13,25
C|0,33,40,0,55,80,85,43,65,15,35,62,40,6,20,25
C|0,26,33,0,37,90,80,50,68,30,20,68,41,13,13,33
B|8,26,46,33,75,95,80,68,62,90,90,56,16,46,60,8
B|8,26,40,25,68,100,90,75,68,80,80,62,16,66,60,16
B|8,20,46,33,68,95,90,75,75,90,80,56,8,66,53,8
B|50,66,66,53,75,91,83,73,75,100,75,73,25,50,68,45
B|50,66,66,53,75,83,83,73,66,83,83,73,18,50,68,45
B|50,66,66,50,66,86,73,75,58,93,80,75,18,55,65,25
B|50,66,66,40,75,83,83,80,75,83,83,73,25,50,68,45
B|50,66,58,26,75,91,91,80,75,91,66,80,31,50,75,40
B|50,66,58,26,75,83,91,80,75,83,75,80,31,50,75,35
B|50,66,58,26,75,83,100,80,75,83,83,80,31,50,75,40
B|50,66,50,26,75,83,91,80,75,83,66,80,31,50,75,40
B|50,66,50,26,75,83,100,80,75,91,66,80,31,50,56,40
B|50,58,33,26,75,75,87,75,68,93,87,75,8,25,41,26
B|50,53,66,50,66,86,80,75,58,93,80,75,25,60,65,31
B|50,53,66,41,50,80,80,75,50,80,80,66,18,60,70,25
B|46,66,66,33,73,100,93,66,60,86,80,41,25,65,75,6
B|46,60,66,33,73,86,93,66,60,86,80,41,25,65,75,6
B|41,66,66,33,75,85,80,62,50,100,95,50,0,20,40,8
B|41,53,60,41,75,93,93,66,66,80,66,58,37,70,75,31
B|41,53,60,41,75,93,100,66,66,80,66,58,37,70,75,31
B|40,66,66,33,80,80,86,58,73,86,73,50,25,70,75,18
B|40,46,66,33,80,86,86,58,66,80,73,50,20,70,75,25
B|40,40,60,33,80,93,86,58,60,80,73,50,25,75,75,25
B|40,40,53,33,73,93,86,58,60,86,73,50,25,75,75,31
B|33,66,66,53,75,66,83,73,75,91,75,80,25,66,66,33
B|33,66,66,41,66,80,93,66,60,86,86,58,25,55,75,25
B|33,66,66,41,66,80,93,58,60,86,86,58,25,55,75,25
B|33,66,60,33,75,93,93,66,66,86,80,50,25,55,75,18
B|33,66,53,16,66,86,93,66,60,86,73,41,20,50,75,12
B|33,60,66,33,70,80,75,62,55,100,95,31,13,26,40,0
B|33,60,60,33,75,93,93,66,66,86,73,58,31,70,75,18
B|33,60,60,33,66,93,86,58,75,80,80,50,25,65,70,12
B|33,60,33,16,70,75,80,56,75,95,85,25,6,20,46,0
B|33,60,33,16,70,75,80,56,70,95,85,25,6,20,46,0
B|33,46,66,33,75,93,100,66,75,73,80,66,37,70,65,31
B|33,46,60,41,75,90,75,75,50,95,90,50,16,26,40,8
B|33,46,60,33,75,90,80,68,56,100,90,56,8,40,40,0
B|33,46,60,33,75,90,75,68,56,95,90,56,8,26,40,0
B|33,46,60,33,75,85,80,68,56,95,90,56,8,40,40,0
B|33,46,60,33,75,100,93,66,66,86,73,58,31,65,75,18
B|33,46,53,33,75,100,86,66,66,86,73,75,31,70,75,25
B|33,46,26,16,70,90,85,56,70,95,85,43,6,26,46,0
B|26,60,53,33,75,85,85,68,60,100,95,43,6,6,40,0
B|25,53,40,33,75,90,90,75,68,95,85,56,16,33,60,8
B|25,46,40,33,75,90,90,75,68,95,85,56,16,26,60,8
B|25,46,33,33,75,90,90,75,68,85,85,56,16,40,60,8
B|20,53,53,41,70,90,70,62,55,90,85,62,13,33,40,0
B|20,46,66,41,66,100,80,75,46,86,73,66,20,65,70,25
B|20,46,60,41,70,85,80,62,55,90,85,62,13,33,40,0
B|16,53,66,33,58,93,86,66,58,93,86,66,37,70,75,25
B|16,46,46,41,75,93,86,58,75,100,73,50,31,70,75,31
B|16,40,53,41,75,90,80,75,56,90,90,50,16,40,40,8
B|16,40,33,33,75,90,95,75,68,90,80,56,0,53,60,8
B|16,40,33,25,75,90,100,75,62,90,80,56,16,40,60,8
B|16,33,33,33,75,90,95,75,68,90,80,56,16,53,60,8
B|16,33,33,33,75,90,90,75,62,95,80,56,16,53,53,8
B|13,46,46,25,80,90,95,56,60,90,85,43,13,40,53,0
B|0,33,60,16,70,95,90,50,60,90,90,56,13,60,53,0
B|0,33,60,16,70,95,90,50,60,90,90,56,13,60,46,0
B|0,26,40,16,75,95,85,56,65,90,90,43,20,40,66,8
B|0,22,72,26,66,100,63,66,60,63,86,70,16,80,27,3
A|50,66,66,50,62,90,85,18,0,60,90,0,0,0,46,0
A|43,60,65,56,62,100,95,18,0,55,90,6,0,0,53,0
A|40,75,75,55,45,95,90,20,0,35,80,5,0,0,40,0
A|40,75,75,55,45,95,80,20,0,35,80,0,0,0,40,0
A|40,75,75,55,45,100,80,20,0,35,80,5,0,0,40,0
A|40,75,75,55,40,100,80,20,0,35,80,5,0,0,40,0
A|40,70,75,55,45,95,80,20,0,35,80,5,0,0,40,0
A|35,55,65,50,70,95,85,18,0,60,90,12,0,0,53,0
A|33,66,66,40,70,100,85,35,0,70,75,0,0,0,46,0
A|30,65,55,40,60,100,85,20,0,60,80,0,0,0,46,0
A|30,65,55,37,60,90,85,12,0,60,80,0,0,0,46,0
A|30,55,70,50,65,95,95,15,0,45,90,10,0,0,26,6
A|20,66,66,46,65,95,90,30,5,60,85,0,0,0,40,13
A|20,60,66,46,65,95,90,30,5,60,85,0,0,0,40,13
A|20,53,66,46,65,95,90,30,5,60,85,0,0,0,40,13
A|16,66,66,50,62,95,90,25,0,65,90,12,0,0,46,16
A|13,26,53,33,75,95,90,37,10,85,90,0,0,6,60,16
A|13,26,53,33,75,95,90,37,10,80,90,0,0,6,60,16
A|13,26,53,33,75,100,90,37,5,85,90,0,0,6,60,0
A|0,6,60,8,0,70,85,6,75,95,95,43,41,53,66,33
A|0,6,43,60,43,96,96,36,76,80,80,24,2,30,63,30
A|0,5,60,5,15,75,80,0,65,95,95,35,20,46,46,46
A|0,5,60,0,0,70,85,0,56,95,95,56,41,66,53,25
A|0,5,55,6,10,75,90,0,65,95,90,37,26,46,53,41
A|0,5,55,6,0,70,90,0,60,100,95,37,26,60,60,41
A|0,5,50,18,25,80,95,12,65,90,90,37,6,33,40,41
A|0,5,50,18,25,75,90,6,65,95,90,37,6,40,40,41
A|0,5,45,56,62,100,85,25,18,75,100,43,0,0,40,50
A|0,5,45,37,43,100,100,18,43,85,100,37,0,0,40,33
A|0,5,40,37,45,100,95,31,50,95,95,31,0,0,53,33
A|0,5,40,31,25,80,100,12,75,95,95,31,0,26,53,50
A|0,41,66,40,68,100,93,30,43,87,100,60,0,0,16,33
A|0,3,40,64,43,96,93,40,73,83,76,28,2,30,63,30
A|0,25,66,53,75,100,81,55,31,75,100,50,0,0,25,40
A|0,25,66,53,56,100,87,70,12,68,93,65,0,0,8,53
A|0,25,56,45,56,100,87,30,50,81,100,65,0,0,16,40
A|0,25,55,50,62,95,85,12,31,85,100,31,0,0,33,50
A|0,25,55,37,45,95,90,6,45,90,100,31,0,0,40,41
A|0,20,65,18,37,90,100,6,56,95,100,56,0,0,26,33
A|0,20,65,18,31,90,95,0,56,95,100,56,0,0,26,33
A|0,20,55,37,45,90,90,6,45,90,100,31,0,0,40,50
A|0,18,56,45,50,100,87,35,50,75,100,65,0,0,16,40
A|0,15,65,18,25,90,80,0,75,100,90,43,0,13,40,33
A|0,13,60,16,43,90,90,6,43,95,95,37,0,6,40,50
A|0,12,43,45,43,93,87,45,56,93,100,70,0,0,16,40
A|0,10,50,37,43,95,90,6,43,90,95,37,0,6,46,50
A|0,10,50,37,43,90,85,6,43,90,95,37,0,6,46,50
A|0,10,50,37,43,90,85,18,43,90,95,37,0,6,46,50
A|0,10,45,37,43,90,90,6,43,95,95,37,0,6,40,50
A|0,0,60,0,0,65,85,0,55,85,90,31,53,66,66,50
A|0,0,60,0,0,65,80,0,60,85,85,31,53,66,66,50
A|0,0,35,43,37,80,95,25,50,90,95,37,0,0,40,50
A|0,0,33,50,44,88,88,33,58,86,86,16,0,3,43,16
A|0,0,31,45,37,87,93,40,68,93,93,50,0,0,33,53
